0200 A2B4 00 00 00 00 00 00 00 00 00 00 00 00 00 00 00 00 
0202 23E6 00 00 00 00 00 00 00 00 00 00 00 00 00 00 00 00 
03E6 6A00 01 00 00 00 00 00 00 00 00 00 00 00 00 00 00 00 
03E8 6019 01 00 00 00 00 00 00 00 00 00 00 00 00 00 00 00 
03EA 00EE 01 19 00 00 00 00 00 00 00 00 00 00 00 00 00 00 
0204 22B6 00 19 00 00 00 00 00 00 00 00 00 00 00 00 00 00 
02B6 6705 01 19 00 00 00 00 00 00 00 00 00 00 00 00 00 00 
02B8 6806 01 19 00 00 00 00 00 00 05 00 00 00 00 00 00 00 
02BA 6904 01 19 00 00 00 00 00 00 05 06 00 00 00 00 00 00 
02BC 611F 01 19 00 00 00 00 00 00 05 06 04 00 00 00 00 00 
02BE 6510 01 19 1F 00 00 00 00 00 05 06 04 00 00 00 00 00 
02C0 6207 01 19 1F 00 00 00 10 00 05 06 04 00 00 00 00 00 
02C2 00EE 01 19 1F 07 00 00 10 00 05 06 04 00 00 00 00 00 
0206 7001 00 19 1F 07 00 00 10 00 05 06 04 00 00 00 00 00 
0208 D011 00 1A 1F 07 00 00 10 00 05 06 04 00 00 00 00 00 
020A 3025 00 1A 1F 07 00 00 10 00 05 06 04 00 00 00 00 00 
020C 1206 00 1A 1F 07 00 00 10 00 05 06 04 00 00 00 00 00 
0206 7001 00 1A 1F 07 00 00 10 00 05 06 04 00 00 00 00 00 
0208 D011 00 1B 1F 07 00 00 10 00 05 06 04 00 00 00 00 00 
020A 3025 00 1B 1F 07 00 00 10 00 05 06 04 00 00 00 00 00 
020C 1206 00 1B 1F 07 00 00 10 00 05 06 04 00 00 00 00 00 
0206 7001 00 1B 1F 07 00 00 10 00 05 06 04 00 00 00 00 00 
0208 D011 00 1C 1F 07 00 00 10 00 05 06 04 00 00 00 00 00 
020A 3025 00 1C 1F 07 00 00 10 00 05 06 04 00 00 00 00 00 
020C 1206 00 1C 1F 07 00 00 10 00 05 06 04 00 00 00 00 00 
0206 7001 00 1C 1F 07 00 00 10 00 05 06 04 00 00 00 00 00 
0208 D011 00 1D 1F 07 00 00 10 00 05 06 04 00 00 00 00 00 
020A 3025 00 1D 1F 07 00 00 10 00 05 06 04 00 00 00 00 00 
020C 1206 00 1D 1F 07 00 00 10 00 05 06 04 00 00 00 00 00 
0206 7001 00 1D 1F 07 00 00 10 00 05 06 04 00 00 00 00 00 
0208 D011 00 1E 1F 07 00 00 10 00 05 06 04 00 00 00 00 00 
020A 3025 00 1E 1F 07 00 00 10 00 05 06 04 00 00 00 00 00 
020C 1206 00 1E 1F 07 00 00 10 00 05 06 04 00 00 00 00 00 
0206 7001 00 1E 1F 07 00 00 10 00 05 06 04 00 00 00 00 00 
0208 D011 00 1F 1F 07 00 00 10 00 05 06 04 00 00 00 00 00 
020A 3025 00 1F 1F 07 00 00 10 00 05 06 04 00 00 00 00 00 
020C 1206 00 1F 1F 07 00 00 10 00 05 06 04 00 00 00 00 00 
0206 7001 00 1F 1F 07 00 00 10 00 05 06 04 00 00 00 00 00 
0208 D011 00 20 1F 07 00 00 10 00 05 06 04 00 00 00 00 00 
020A 3025 00 20 1F 07 00 00 10 00 05 06 04 00 00 00 00 00 
020C 1206 00 20 1F 07 00 00 10 00 05 06 04 00 00 00 00 00 
0206 7001 00 20 1F 07 00 00 10 00 05 06 04 00 00 00 00 00 
0208 D011 00 21 1F 07 00 00 10 00 05 06 04 00 00 00 00 00 
020A 3025 00 21 1F 07 00 00 10 00 05 06 04 00 00 00 00 00 
020C 1206 00 21 1F 07 00 00 10 00 05 06 04 00 00 00 00 00 
0206 7001 00 21 1F 07 00 00 10 00 05 06 04 00 00 00 00 00 
0208 D011 00 22 1F 07 00 00 10 00 05 06 04 00 00 00 00 00 
020A 3025 00 22 1F 07 00 00 10 00 05 06 04 00 00 00 00 00 
020C 1206 00 22 1F 07 00 00 10 00 05 06 04 00 00 00 00 00 
0206 7001 00 22 1F 07 00 00 10 00 05 06 04 00 00 00 00 00 
0208 D011 00 23 1F 07 00 00 10 00 05 06 04 00 00 00 00 00 
020A 3025 00 23 1F 07 00 00 10 00 05 06 04 00 00 00 00 00 
020C 1206 00 23 1F 07 00 00 10 00 05 06 04 00 00 00 00 00 
0206 7001 00 23 1F 07 00 00 10 00 05 06 04 00 00 00 00 00 
0208 D011 00 24 1F 07 00 00 10 00 05 06 04 00 00 00 00 00 
020A 3025 00 24 1F 07 00 00 10 00 05 06 04 00 00 00 00 00 
020C 1206 00 24 1F 07 00 00 10 00 05 06 04 00 00 00 00 00 
0206 7001 00 24 1F 07 00 00 10 00 05 06 04 00 00 00 00 00 
0208 D011 00 25 1F 07 00 00 10 00 05 06 04 00 00 00 00 00 
020A 3025 00 25 1F 07 00 00 10 00 05 06 04 00 00 00 00 00 
020E 71FF 00 25 1F 07 00 00 10 00 05 06 04 00 00 00 00 00 
0210 D011 00 25 1E 07 00 00 10 00 05 06 04 00 00 00 00 00 
0212 601A 00 25 1E 07 00 00 10 00 05 06 04 00 00 00 00 00 
0214 D011 00 1A 1E 07 00 00 10 00 05 06 04 00 00 00 00 00 
0216 6025 00 1A 1E 07 00 00 10 00 05 06 04 00 00 00 00 00 
0218 3100 00 25 1E 07 00 00 10 00 05 06 04 00 00 00 00 00 
021A 120E 00 25 1E 07 00 00 10 00 05 06 04 00 00 00 00 00 
020E 71FF 00 25 1E 07 00 00 10 00 05 06 04 00 00 00 00 00 
0210 D011 00 25 1D 07 00 00 10 00 05 06 04 00 00 00 00 00 
0212 601A 00 25 1D 07 00 00 10 00 05 06 04 00 00 00 00 00 
0214 D011 00 1A 1D 07 00 00 10 00 05 06 04 00 00 00 00 00 
0216 6025 00 1A 1D 07 00 00 10 00 05 06 04 00 00 00 00 00 
0218 3100 00 25 1D 07 00 00 10 00 05 06 04 00 00 00 00 00 
021A 120E 00 25 1D 07 00 00 10 00 05 06 04 00 00 00 00 00 
020E 71FF 00 25 1D 07 00 00 10 00 05 06 04 00 00 00 00 00 
0210 D011 00 25 1C 07 00 00 10 00 05 06 04 00 00 00 00 00 
0212 601A 00 25 1C 07 00 00 10 00 05 06 04 00 00 00 00 00 
0214 D011 00 1A 1C 07 00 00 10 00 05 06 04 00 00 00 00 00 
0216 6025 00 1A 1C 07 00 00 10 00 05 06 04 00 00 00 00 00 
0218 3100 00 25 1C 07 00 00 10 00 05 06 04 00 00 00 00 00 
021A 120E 00 25 1C 07 00 00 10 00 05 06 04 00 00 00 00 00 
020E 71FF 00 25 1C 07 00 00 10 00 05 06 04 00 00 00 00 00 
0210 D011 00 25 1B 07 00 00 10 00 05 06 04 00 00 00 00 00 
0212 601A 00 25 1B 07 00 00 10 00 05 06 04 00 00 00 00 00 
0214 D011 00 1A 1B 07 00 00 10 00 05 06 04 00 00 00 00 00 
0216 6025 00 1A 1B 07 00 00 10 00 05 06 04 00 00 00 00 00 
0218 3100 00 25 1B 07 00 00 10 00 05 06 04 00 00 00 00 00 
021A 120E 00 25 1B 07 00 00 10 00 05 06 04 00 00 00 00 00 
020E 71FF 00 25 1B 07 00 00 10 00 05 06 04 00 00 00 00 00 
0210 D011 00 25 1A 07 00 00 10 00 05 06 04 00 00 00 00 00 
0212 601A 00 25 1A 07 00 00 10 00 05 06 04 00 00 00 00 00 
0214 D011 00 1A 1A 07 00 00 10 00 05 06 04 00 00 00 00 00 
0216 6025 00 1A 1A 07 00 00 10 00 05 06 04 00 00 00 00 00 
0218 3100 00 25 1A 07 00 00 10 00 05 06 04 00 00 00 00 00 
021A 120E 00 25 1A 07 00 00 10 00 05 06 04 00 00 00 00 00 
020E 71FF 00 25 1A 07 00 00 10 00 05 06 04 00 00 00 00 00 
0210 D011 00 25 19 07 00 00 10 00 05 06 04 00 00 00 00 00 
0212 601A 00 25 19 07 00 00 10 00 05 06 04 00 00 00 00 00 
0214 D011 00 1A 19 07 00 00 10 00 05 06 04 00 00 00 00 00 
0216 6025 00 1A 19 07 00 00 10 00 05 06 04 00 00 00 00 00 
0218 3100 00 25 19 07 00 00 10 00 05 06 04 00 00 00 00 00 
021A 120E 00 25 19 07 00 00 10 00 05 06 04 00 00 00 00 00 
020E 71FF 00 25 19 07 00 00 10 00 05 06 04 00 00 00 00 00 
0210 D011 00 25 18 07 00 00 10 00 05 06 04 00 00 00 00 00 
0212 601A 00 25 18 07 00 00 10 00 05 06 04 00 00 00 00 00 
0214 D011 00 1A 18 07 00 00 10 00 05 06 04 00 00 00 00 00 
0216 6025 00 1A 18 07 00 00 10 00 05 06 04 00 00 00 00 00 
0218 3100 00 25 18 07 00 00 10 00 05 06 04 00 00 00 00 00 
021A 120E 00 25 18 07 00 00 10 00 05 06 04 00 00 00 00 00 
020E 71FF 00 25 18 07 00 00 10 00 05 06 04 00 00 00 00 00 
0210 D011 00 25 17 07 00 00 10 00 05 06 04 00 00 00 00 00 
0212 601A 00 25 17 07 00 00 10 00 05 06 04 00 00 00 00 00 
0214 D011 00 1A 17 07 00 00 10 00 05 06 04 00 00 00 00 00 
0216 6025 00 1A 17 07 00 00 10 00 05 06 04 00 00 00 00 00 
0218 3100 00 25 17 07 00 00 10 00 05 06 04 00 00 00 00 00 
021A 120E 00 25 17 07 00 00 10 00 05 06 04 00 00 00 00 00 
020E 71FF 00 25 17 07 00 00 10 00 05 06 04 00 00 00 00 00 
0210 D011 00 25 16 07 00 00 10 00 05 06 04 00 00 00 00 00 
0212 601A 00 25 16 07 00 00 10 00 05 06 04 00 00 00 00 00 
0214 D011 00 1A 16 07 00 00 10 00 05 06 04 00 00 00 00 00 
0216 6025 00 1A 16 07 00 00 10 00 05 06 04 00 00 00 00 00 
0218 3100 00 25 16 07 00 00 10 00 05 06 04 00 00 00 00 00 
021A 120E 00 25 16 07 00 00 10 00 05 06 04 00 00 00 00 00 
020E 71FF 00 25 16 07 00 00 10 00 05 06 04 00 00 00 00 00 
0210 D011 00 25 15 07 00 00 10 00 05 06 04 00 00 00 00 00 
0212 601A 00 25 15 07 00 00 10 00 05 06 04 00 00 00 00 00 
0214 D011 00 1A 15 07 00 00 10 00 05 06 04 00 00 00 00 00 
0216 6025 00 1A 15 07 00 00 10 00 05 06 04 00 00 00 00 00 
0218 3100 00 25 15 07 00 00 10 00 05 06 04 00 00 00 00 00 
021A 120E 00 25 15 07 00 00 10 00 05 06 04 00 00 00 00 00 
020E 71FF 00 25 15 07 00 00 10 00 05 06 04 00 00 00 00 00 
0210 D011 00 25 14 07 00 00 10 00 05 06 04 00 00 00 00 00 
0212 601A 00 25 14 07 00 00 10 00 05 06 04 00 00 00 00 00 
0214 D011 00 1A 14 07 00 00 10 00 05 06 04 00 00 00 00 00 
0216 6025 00 1A 14 07 00 00 10 00 05 06 04 00 00 00 00 00 
0218 3100 00 25 14 07 00 00 10 00 05 06 04 00 00 00 00 00 
021A 120E 00 25 14 07 00 00 10 00 05 06 04 00 00 00 00 00 
020E 71FF 00 25 14 07 00 00 10 00 05 06 04 00 00 00 00 00 
0210 D011 00 25 13 07 00 00 10 00 05 06 04 00 00 00 00 00 
0212 601A 00 25 13 07 00 00 10 00 05 06 04 00 00 00 00 00 
0214 D011 00 1A 13 07 00 00 10 00 05 06 04 00 00 00 00 00 
0216 6025 00 1A 13 07 00 00 10 00 05 06 04 00 00 00 00 00 
0218 3100 00 25 13 07 00 00 10 00 05 06 04 00 00 00 00 00 
021A 120E 00 25 13 07 00 00 10 00 05 06 04 00 00 00 00 00 
020E 71FF 00 25 13 07 00 00 10 00 05 06 04 00 00 00 00 00 
0210 D011 00 25 12 07 00 00 10 00 05 06 04 00 00 00 00 00 
0212 601A 00 25 12 07 00 00 10 00 05 06 04 00 00 00 00 00 
0214 D011 00 1A 12 07 00 00 10 00 05 06 04 00 00 00 00 00 
0216 6025 00 1A 12 07 00 00 10 00 05 06 04 00 00 00 00 00 
0218 3100 00 25 12 07 00 00 10 00 05 06 04 00 00 00 00 00 
021A 120E 00 25 12 07 00 00 10 00 05 06 04 00 00 00 00 00 
020E 71FF 00 25 12 07 00 00 10 00 05 06 04 00 00 00 00 00 
0210 D011 00 25 11 07 00 00 10 00 05 06 04 00 00 00 00 00 
0212 601A 00 25 11 07 00 00 10 00 05 06 04 00 00 00 00 00 
0214 D011 00 1A 11 07 00 00 10 00 05 06 04 00 00 00 00 00 
0216 6025 00 1A 11 07 00 00 10 00 05 06 04 00 00 00 00 00 
0218 3100 00 25 11 07 00 00 10 00 05 06 04 00 00 00 00 00 
021A 120E 00 25 11 07 00 00 10 00 05 06 04 00 00 00 00 00 
020E 71FF 00 25 11 07 00 00 10 00 05 06 04 00 00 00 00 00 
0210 D011 00 25 10 07 00 00 10 00 05 06 04 00 00 00 00 00 
0212 601A 00 25 10 07 00 00 10 00 05 06 04 00 00 00 00 00 
0214 D011 00 1A 10 07 00 00 10 00 05 06 04 00 00 00 00 00 
0216 6025 00 1A 10 07 00 00 10 00 05 06 04 00 00 00 00 00 
0218 3100 00 25 10 07 00 00 10 00 05 06 04 00 00 00 00 00 
021A 120E 00 25 10 07 00 00 10 00 05 06 04 00 00 00 00 00 
020E 71FF 00 25 10 07 00 00 10 00 05 06 04 00 00 00 00 00 
0210 D011 00 25 0F 07 00 00 10 00 05 06 04 00 00 00 00 00 
0212 601A 00 25 0F 07 00 00 10 00 05 06 04 00 00 00 00 00 
0214 D011 00 1A 0F 07 00 00 10 00 05 06 04 00 00 00 00 00 
0216 6025 00 1A 0F 07 00 00 10 00 05 06 04 00 00 00 00 00 
0218 3100 00 25 0F 07 00 00 10 00 05 06 04 00 00 00 00 00 
021A 120E 00 25 0F 07 00 00 10 00 05 06 04 00 00 00 00 00 
020E 71FF 00 25 0F 07 00 00 10 00 05 06 04 00 00 00 00 00 
0210 D011 00 25 0E 07 00 00 10 00 05 06 04 00 00 00 00 00 
0212 601A 00 25 0E 07 00 00 10 00 05 06 04 00 00 00 00 00 
0214 D011 00 1A 0E 07 00 00 10 00 05 06 04 00 00 00 00 00 
0216 6025 00 1A 0E 07 00 00 10 00 05 06 04 00 00 00 00 00 
0218 3100 00 25 0E 07 00 00 10 00 05 06 04 00 00 00 00 00 
021A 120E 00 25 0E 07 00 00 10 00 05 06 04 00 00 00 00 00 
020E 71FF 00 25 0E 07 00 00 10 00 05 06 04 00 00 00 00 00 
0210 D011 00 25 0D 07 00 00 10 00 05 06 04 00 00 00 00 00 
0212 601A 00 25 0D 07 00 00 10 00 05 06 04 00 00 00 00 00 
0214 D011 00 1A 0D 07 00 00 10 00 05 06 04 00 00 00 00 00 
0216 6025 00 1A 0D 07 00 00 10 00 05 06 04 00 00 00 00 00 
0218 3100 00 25 0D 07 00 00 10 00 05 06 04 00 00 00 00 00 
021A 120E 00 25 0D 07 00 00 10 00 05 06 04 00 00 00 00 00 
020E 71FF 00 25 0D 07 00 00 10 00 05 06 04 00 00 00 00 00 
0210 D011 00 25 0C 07 00 00 10 00 05 06 04 00 00 00 00 00 
0212 601A 00 25 0C 07 00 00 10 00 05 06 04 00 00 00 00 00 
0214 D011 00 1A 0C 07 00 00 10 00 05 06 04 00 00 00 00 00 
0216 6025 00 1A 0C 07 00 00 10 00 05 06 04 00 00 00 00 00 
0218 3100 00 25 0C 07 00 00 10 00 05 06 04 00 00 00 00 00 
021A 120E 00 25 0C 07 00 00 10 00 05 06 04 00 00 00 00 00 
020E 71FF 00 25 0C 07 00 00 10 00 05 06 04 00 00 00 00 00 
0210 D011 00 25 0B 07 00 00 10 00 05 06 04 00 00 00 00 00 
0212 601A 00 25 0B 07 00 00 10 00 05 06 04 00 00 00 00 00 
0214 D011 00 1A 0B 07 00 00 10 00 05 06 04 00 00 00 00 00 
0216 6025 00 1A 0B 07 00 00 10 00 05 06 04 00 00 00 00 00 
0218 3100 00 25 0B 07 00 00 10 00 05 06 04 00 00 00 00 00 
021A 120E 00 25 0B 07 00 00 10 00 05 06 04 00 00 00 00 00 
020E 71FF 00 25 0B 07 00 00 10 00 05 06 04 00 00 00 00 00 
0210 D011 00 25 0A 07 00 00 10 00 05 06 04 00 00 00 00 00 
0212 601A 00 25 0A 07 00 00 10 00 05 06 04 00 00 00 00 00 
0214 D011 00 1A 0A 07 00 00 10 00 05 06 04 00 00 00 00 00 
0216 6025 00 1A 0A 07 00 00 10 00 05 06 04 00 00 00 00 00 
0218 3100 00 25 0A 07 00 00 10 00 05 06 04 00 00 00 00 00 
021A 120E 00 25 0A 07 00 00 10 00 05 06 04 00 00 00 00 00 
020E 71FF 00 25 0A 07 00 00 10 00 05 06 04 00 00 00 00 00 
0210 D011 00 25 09 07 00 00 10 00 05 06 04 00 00 00 00 00 
0212 601A 00 25 09 07 00 00 10 00 05 06 04 00 00 00 00 00 
0214 D011 00 1A 09 07 00 00 10 00 05 06 04 00 00 00 00 00 
0216 6025 00 1A 09 07 00 00 10 00 05 06 04 00 00 00 00 00 
0218 3100 00 25 09 07 00 00 10 00 05 06 04 00 00 00 00 00 
021A 120E 00 25 09 07 00 00 10 00 05 06 04 00 00 00 00 00 
020E 71FF 00 25 09 07 00 00 10 00 05 06 04 00 00 00 00 00 
0210 D011 00 25 08 07 00 00 10 00 05 06 04 00 00 00 00 00 
0212 601A 00 25 08 07 00 00 10 00 05 06 04 00 00 00 00 00 
0214 D011 00 1A 08 07 00 00 10 00 05 06 04 00 00 00 00 00 
0216 6025 00 1A 08 07 00 00 10 00 05 06 04 00 00 00 00 00 
0218 3100 00 25 08 07 00 00 10 00 05 06 04 00 00 00 00 00 
021A 120E 00 25 08 07 00 00 10 00 05 06 04 00 00 00 00 00 
020E 71FF 00 25 08 07 00 00 10 00 05 06 04 00 00 00 00 00 
0210 D011 00 25 07 07 00 00 10 00 05 06 04 00 00 00 00 00 
0212 601A 00 25 07 07 00 00 10 00 05 06 04 00 00 00 00 00 
0214 D011 00 1A 07 07 00 00 10 00 05 06 04 00 00 00 00 00 
0216 6025 00 1A 07 07 00 00 10 00 05 06 04 00 00 00 00 00 
0218 3100 00 25 07 07 00 00 10 00 05 06 04 00 00 00 00 00 
021A 120E 00 25 07 07 00 00 10 00 05 06 04 00 00 00 00 00 
020E 71FF 00 25 07 07 00 00 10 00 05 06 04 00 00 00 00 00 
0210 D011 00 25 06 07 00 00 10 00 05 06 04 00 00 00 00 00 
0212 601A 00 25 06 07 00 00 10 00 05 06 04 00 00 00 00 00 
0214 D011 00 1A 06 07 00 00 10 00 05 06 04 00 00 00 00 00 
0216 6025 00 1A 06 07 00 00 10 00 05 06 04 00 00 00 00 00 
0218 3100 00 25 06 07 00 00 10 00 05 06 04 00 00 00 00 00 
021A 120E 00 25 06 07 00 00 10 00 05 06 04 00 00 00 00 00 
020E 71FF 00 25 06 07 00 00 10 00 05 06 04 00 00 00 00 00 
0210 D011 00 25 05 07 00 00 10 00 05 06 04 00 00 00 00 00 
0212 601A 00 25 05 07 00 00 10 00 05 06 04 00 00 00 00 00 
0214 D011 00 1A 05 07 00 00 10 00 05 06 04 00 00 00 00 00 
0216 6025 00 1A 05 07 00 00 10 00 05 06 04 00 00 00 00 00 
0218 3100 00 25 05 07 00 00 10 00 05 06 04 00 00 00 00 00 
021A 120E 00 25 05 07 00 00 10 00 05 06 04 00 00 00 00 00 
020E 71FF 00 25 05 07 00 00 10 00 05 06 04 00 00 00 00 00 
0210 D011 00 25 04 07 00 00 10 00 05 06 04 00 00 00 00 00 
0212 601A 00 25 04 07 00 00 10 00 05 06 04 00 00 00 00 00 
0214 D011 00 1A 04 07 00 00 10 00 05 06 04 00 00 00 00 00 
0216 6025 00 1A 04 07 00 00 10 00 05 06 04 00 00 00 00 00 
0218 3100 00 25 04 07 00 00 10 00 05 06 04 00 00 00 00 00 
021A 120E 00 25 04 07 00 00 10 00 05 06 04 00 00 00 00 00 
020E 71FF 00 25 04 07 00 00 10 00 05 06 04 00 00 00 00 00 
0210 D011 00 25 03 07 00 00 10 00 05 06 04 00 00 00 00 00 
0212 601A 00 25 03 07 00 00 10 00 05 06 04 00 00 00 00 00 
0214 D011 00 1A 03 07 00 00 10 00 05 06 04 00 00 00 00 00 
0216 6025 00 1A 03 07 00 00 10 00 05 06 04 00 00 00 00 00 
0218 3100 00 25 03 07 00 00 10 00 05 06 04 00 00 00 00 00 
021A 120E 00 25 03 07 00 00 10 00 05 06 04 00 00 00 00 00 
020E 71FF 00 25 03 07 00 00 10 00 05 06 04 00 00 00 00 00 
0210 D011 00 25 02 07 00 00 10 00 05 06 04 00 00 00 00 00 
0212 601A 00 25 02 07 00 00 10 00 05 06 04 00 00 00 00 00 
0214 D011 00 1A 02 07 00 00 10 00 05 06 04 00 00 00 00 00 
0216 6025 00 1A 02 07 00 00 10 00 05 06 04 00 00 00 00 00 
0218 3100 00 25 02 07 00 00 10 00 05 06 04 00 00 00 00 00 
021A 120E 00 25 02 07 00 00 10 00 05 06 04 00 00 00 00 00 
020E 71FF 00 25 02 07 00 00 10 00 05 06 04 00 00 00 00 00 
0210 D011 00 25 01 07 00 00 10 00 05 06 04 00 00 00 00 00 
0212 601A 00 25 01 07 00 00 10 00 05 06 04 00 00 00 00 00 
0214 D011 00 1A 01 07 00 00 10 00 05 06 04 00 00 00 00 00 
0216 6025 00 1A 01 07 00 00 10 00 05 06 04 00 00 00 00 00 
0218 3100 00 25 01 07 00 00 10 00 05 06 04 00 00 00 00 00 
021A 120E 00 25 01 07 00 00 10 00 05 06 04 00 00 00 00 00 
020E 71FF 00 25 01 07 00 00 10 00 05 06 04 00 00 00 00 00 
0210 D011 00 25 00 07 00 00 10 00 05 06 04 00 00 00 00 00 
0212 601A 00 25 00 07 00 00 10 00 05 06 04 00 00 00 00 00 
0214 D011 00 1A 00 07 00 00 10 00 05 06 04 00 00 00 00 00 
0216 6025 00 1A 00 07 00 00 10 00 05 06 04 00 00 00 00 00 
0218 3100 00 25 00 07 00 00 10 00 05 06 04 00 00 00 00 00 
021C C470 00 25 00 07 00 00 10 00 05 06 04 00 00 00 00 00 
021E 4470 00 25 00 07 00 50 10 00 05 06 04 00 00 00 00 00 
0222 C303 00 25 00 07 00 50 10 00 05 06 04 00 00 00 00 00 
0224 601E 00 25 00 07 01 50 10 00 05 06 04 00 00 00 00 00 
0226 6103 00 1E 00 07 01 50 10 00 05 06 04 00 00 00 00 00 
0228 225C 00 1E 03 07 01 50 10 00 05 06 04 00 00 00 00 00 
025C A2C4 01 1E 03 07 01 50 10 00 05 06 04 00 00 00 00 00 
025E F41E 01 1E 03 07 01 50 10 00 05 06 04 00 00 00 00 00 
0260 6600 01 1E 03 07 01 50 10 00 05 06 04 00 00 00 00 00 
0262 4301 01 1E 03 07 01 50 10 00 05 06 04 00 00 00 00 00 
0264 6604 01 1E 03 07 01 50 10 00 05 06 04 00 00 00 00 00 
0266 4302 01 1E 03 07 01 50 10 04 05 06 04 00 00 00 00 00 
026A 4303 01 1E 03 07 01 50 10 04 05 06 04 00 00 00 00 00 
026E F61E 01 1E 03 07 01 50 10 04 05 06 04 00 00 00 00 00 
0270 00EE 01 1E 03 07 01 50 10 04 05 06 04 00 00 00 00 00 
022A F515 00 1E 03 07 01 50 10 04 05 06 04 00 00 00 00 00 
022C D014 00 1E 03 07 01 50 10 04 05 06 04 00 00 00 00 00 
022E 3F01 00 1E 03 07 01 50 10 04 05 06 04 00 00 00 00 00 
0230 123C 00 1E 03 07 01 50 10 04 05 06 04 00 00 00 00 00 
023C E7A1 00 1E 03 07 01 50 10 04 05 06 04 00 00 00 00 00 
0240 E8A1 00 1E 03 07 01 50 10 04 05 06 04 00 00 00 00 00 
0244 E9A1 00 1E 03 07 01 50 10 04 05 06 04 00 00 00 00 00 
0248 E29E 00 1E 03 07 01 50 10 04 05 06 04 00 00 00 00 00 
024A 1250 00 1E 03 07 01 50 10 04 05 06 04 00 00 00 00 00 
0250 F607 00 1E 03 07 01 50 10 04 05 06 04 00 00 00 00 00 
0252 3600 00 1E 03 07 01 50 10 07 05 06 04 00 00 00 00 00 
0254 123C 00 1E 03 07 01 50 10 07 05 06 04 00 00 00 00 00 
023C E7A1 00 1E 03 07 01 50 10 07 05 06 04 00 00 00 00 00 
0240 E8A1 00 1E 03 07 01 50 10 07 05 06 04 00 00 00 00 00 
0244 E9A1 00 1E 03 07 01 50 10 07 05 06 04 00 00 00 00 00 
0248 E29E 00 1E 03 07 01 50 10 07 05 06 04 00 00 00 00 00 
024A 1250 00 1E 03 07 01 50 10 07 05 06 04 00 00 00 00 00 
0250 F607 00 1E 03 07 01 50 10 07 05 06 04 00 00 00 00 00 
0252 3600 00 1E 03 07 01 50 10 00 05 06 04 00 00 00 00 00 
0256 D014 00 1E 03 07 01 50 10 00 05 06 04 00 00 00 00 00 
0258 7101 00 1E 03 07 01 50 10 00 05 06 04 00 00 00 00 00 
025A 122A 00 1E 04 07 01 50 10 00 05 06 04 00 00 00 00 00 
022A F515 00 1E 04 07 01 50 10 00 05 06 04 00 00 00 00 00 
022C D014 00 1E 04 07 01 50 10 00 05 06 04 00 00 00 00 00 
022E 3F01 00 1E 04 07 01 50 10 00 05 06 04 00 00 00 00 00 
0230 123C 00 1E 04 07 01 50 10 00 05 06 04 00 00 00 00 00 
023C E7A1 00 1E 04 07 01 50 10 00 05 06 04 00 00 00 00 00 
0240 E8A1 00 1E 04 07 01 50 10 00 05 06 04 00 00 00 00 00 
0244 E9A1 00 1E 04 07 01 50 10 00 05 06 04 00 00 00 00 00 
0248 E29E 00 1E 04 07 01 50 10 00 05 06 04 00 00 00 00 00 
024A 1250 00 1E 04 07 01 50 10 00 05 06 04 00 00 00 00 00 
0250 F607 00 1E 04 07 01 50 10 00 05 06 04 00 00 00 00 00 
0252 3600 00 1E 04 07 01 50 10 07 05 06 04 00 00 00 00 00 
0254 123C 00 1E 04 07 01 50 10 07 05 06 04 00 00 00 00 00 
023C E7A1 00 1E 04 07 01 50 10 07 05 06 04 00 00 00 00 00 
0240 E8A1 00 1E 04 07 01 50 10 07 05 06 04 00 00 00 00 00 
0244 E9A1 00 1E 04 07 01 50 10 07 05 06 04 00 00 00 00 00 
0248 E29E 00 1E 04 07 01 50 10 07 05 06 04 00 00 00 00 00 
024A 1250 00 1E 04 07 01 50 10 07 05 06 04 00 00 00 00 00 
0250 F607 00 1E 04 07 01 50 10 07 05 06 04 00 00 00 00 00 
0252 3600 00 1E 04 07 01 50 10 00 05 06 04 00 00 00 00 00 
0256 D014 00 1E 04 07 01 50 10 00 05 06 04 00 00 00 00 00 
0258 7101 00 1E 04 07 01 50 10 00 05 06 04 00 00 00 00 00 
025A 122A 00 1E 05 07 01 50 10 00 05 06 04 00 00 00 00 00 
022A F515 00 1E 05 07 01 50 10 00 05 06 04 00 00 00 00 00 
022C D014 00 1E 05 07 01 50 10 00 05 06 04 00 00 00 00 00 
022E 3F01 00 1E 05 07 01 50 10 00 05 06 04 00 00 00 00 00 
0230 123C 00 1E 05 07 01 50 10 00 05 06 04 00 00 00 00 00 
023C E7A1 00 1E 05 07 01 50 10 00 05 06 04 00 00 00 00 00 
0240 E8A1 00 1E 05 07 01 50 10 00 05 06 04 00 00 00 00 00 
0244 E9A1 00 1E 05 07 01 50 10 00 05 06 04 00 00 00 00 00 
0248 E29E 00 1E 05 07 01 50 10 00 05 06 04 00 00 00 00 00 
024A 1250 00 1E 05 07 01 50 10 00 05 06 04 00 00 00 00 00 
0250 F607 00 1E 05 07 01 50 10 00 05 06 04 00 00 00 00 00 
0252 3600 00 1E 05 07 01 50 10 07 05 06 04 00 00 00 00 00 
0254 123C 00 1E 05 07 01 50 10 07 05 06 04 00 00 00 00 00 
023C E7A1 00 1E 05 07 01 50 10 07 05 06 04 00 00 00 00 00 
0240 E8A1 00 1E 05 07 01 50 10 07 05 06 04 00 00 00 00 00 
0244 E9A1 00 1E 05 07 01 50 10 07 05 06 04 00 00 00 00 00 
0248 E29E 00 1E 05 07 01 50 10 07 05 06 04 00 00 00 00 00 
024A 1250 00 1E 05 07 01 50 10 07 05 06 04 00 00 00 00 00 
0250 F607 00 1E 05 07 01 50 10 07 05 06 04 00 00 00 00 00 
0252 3600 00 1E 05 07 01 50 10 00 05 06 04 00 00 00 00 00 
0256 D014 00 1E 05 07 01 50 10 00 05 06 04 00 00 00 00 00 
0258 7101 00 1E 05 07 01 50 10 00 05 06 04 00 00 00 00 00 
025A 122A 00 1E 06 07 01 50 10 00 05 06 04 00 00 00 00 00 
022A F515 00 1E 06 07 01 50 10 00 05 06 04 00 00 00 00 00 
022C D014 00 1E 06 07 01 50 10 00 05 06 04 00 00 00 00 00 
022E 3F01 00 1E 06 07 01 50 10 00 05 06 04 00 00 00 00 00 
0230 123C 00 1E 06 07 01 50 10 00 05 06 04 00 00 00 00 00 
023C E7A1 00 1E 06 07 01 50 10 00 05 06 04 00 00 00 00 00 
0240 E8A1 00 1E 06 07 01 50 10 00 05 06 04 00 00 00 00 00 
0244 E9A1 00 1E 06 07 01 50 10 00 05 06 04 00 00 00 00 00 
0248 E29E 00 1E 06 07 01 50 10 00 05 06 04 00 00 00 00 00 
024A 1250 00 1E 06 07 01 50 10 00 05 06 04 00 00 00 00 00 
0250 F607 00 1E 06 07 01 50 10 00 05 06 04 00 00 00 00 00 
0252 3600 00 1E 06 07 01 50 10 07 05 06 04 00 00 00 00 00 
0254 123C 00 1E 06 07 01 50 10 07 05 06 04 00 00 00 00 00 
023C E7A1 00 1E 06 07 01 50 10 07 05 06 04 00 00 00 00 00 
0240 E8A1 00 1E 06 07 01 50 10 07 05 06 04 00 00 00 00 00 
0244 E9A1 00 1E 06 07 01 50 10 07 05 06 04 00 00 00 00 00 
0248 E29E 00 1E 06 07 01 50 10 07 05 06 04 00 00 00 00 00 
024A 1250 00 1E 06 07 01 50 10 07 05 06 04 00 00 00 00 00 
0250 F607 00 1E 06 07 01 50 10 07 05 06 04 00 00 00 00 00 
0252 3600 00 1E 06 07 01 50 10 00 05 06 04 00 00 00 00 00 
0256 D014 00 1E 06 07 01 50 10 00 05 06 04 00 00 00 00 00 
0258 7101 00 1E 06 07 01 50 10 00 05 06 04 00 00 00 00 00 
025A 122A 00 1E 07 07 01 50 10 00 05 06 04 00 00 00 00 00 
022A F515 00 1E 07 07 01 50 10 00 05 06 04 00 00 00 00 00 
022C D014 00 1E 07 07 01 50 10 00 05 06 04 00 00 00 00 00 
022E 3F01 00 1E 07 07 01 50 10 00 05 06 04 00 00 00 00 00 
0230 123C 00 1E 07 07 01 50 10 00 05 06 04 00 00 00 00 00 
023C E7A1 00 1E 07 07 01 50 10 00 05 06 04 00 00 00 00 00 
0240 E8A1 00 1E 07 07 01 50 10 00 05 06 04 00 00 00 00 00 
0244 E9A1 00 1E 07 07 01 50 10 00 05 06 04 00 00 00 00 00 
0248 E29E 00 1E 07 07 01 50 10 00 05 06 04 00 00 00 00 00 
024A 1250 00 1E 07 07 01 50 10 00 05 06 04 00 00 00 00 00 
0250 F607 00 1E 07 07 01 50 10 00 05 06 04 00 00 00 00 00 
0252 3600 00 1E 07 07 01 50 10 07 05 06 04 00 00 00 00 00 
0254 123C 00 1E 07 07 01 50 10 07 05 06 04 00 00 00 00 00 
023C E7A1 00 1E 07 07 01 50 10 07 05 06 04 00 00 00 00 00 
0240 E8A1 00 1E 07 07 01 50 10 07 05 06 04 00 00 00 00 00 
0244 E9A1 00 1E 07 07 01 50 10 07 05 06 04 00 00 00 00 00 
0248 E29E 00 1E 07 07 01 50 10 07 05 06 04 00 00 00 00 00 
024A 1250 00 1E 07 07 01 50 10 07 05 06 04 00 00 00 00 00 
0250 F607 00 1E 07 07 01 50 10 07 05 06 04 00 00 00 00 00 
0252 3600 00 1E 07 07 01 50 10 00 05 06 04 00 00 00 00 00 
0256 D014 00 1E 07 07 01 50 10 00 05 06 04 00 00 00 00 00 
0258 7101 00 1E 07 07 01 50 10 00 05 06 04 00 00 00 00 00 
025A 122A 00 1E 08 07 01 50 10 00 05 06 04 00 00 00 00 00 
022A F515 00 1E 08 07 01 50 10 00 05 06 04 00 00 00 00 00 
022C D014 00 1E 08 07 01 50 10 00 05 06 04 00 00 00 00 00 
022E 3F01 00 1E 08 07 01 50 10 00 05 06 04 00 00 00 00 00 
0230 123C 00 1E 08 07 01 50 10 00 05 06 04 00 00 00 00 00 
023C E7A1 00 1E 08 07 01 50 10 00 05 06 04 00 00 00 00 00 
0240 E8A1 00 1E 08 07 01 50 10 00 05 06 04 00 00 00 00 00 
0244 E9A1 00 1E 08 07 01 50 10 00 05 06 04 00 00 00 00 00 
0248 E29E 00 1E 08 07 01 50 10 00 05 06 04 00 00 00 00 00 
024A 1250 00 1E 08 07 01 50 10 00 05 06 04 00 00 00 00 00 
0250 F607 00 1E 08 07 01 50 10 00 05 06 04 00 00 00 00 00 
0252 3600 00 1E 08 07 01 50 10 07 05 06 04 00 00 00 00 00 
0254 123C 00 1E 08 07 01 50 10 07 05 06 04 00 00 00 00 00 
023C E7A1 00 1E 08 07 01 50 10 07 05 06 04 00 00 00 00 00 
0240 E8A1 00 1E 08 07 01 50 10 07 05 06 04 00 00 00 00 00 
0244 E9A1 00 1E 08 07 01 50 10 07 05 06 04 00 00 00 00 00 
0248 E29E 00 1E 08 07 01 50 10 07 05 06 04 00 00 00 00 00 
024A 1250 00 1E 08 07 01 50 10 07 05 06 04 00 00 00 00 00 
0250 F607 00 1E 08 07 01 50 10 07 05 06 04 00 00 00 00 00 
0252 3600 00 1E 08 07 01 50 10 00 05 06 04 00 00 00 00 00 
0256 D014 00 1E 08 07 01 50 10 00 05 06 04 00 00 00 00 00 
0258 7101 00 1E 08 07 01 50 10 00 05 06 04 00 00 00 00 00 
025A 122A 00 1E 09 07 01 50 10 00 05 06 04 00 00 00 00 00 
022A F515 00 1E 09 07 01 50 10 00 05 06 04 00 00 00 00 00 
022C D014 00 1E 09 07 01 50 10 00 05 06 04 00 00 00 00 00 
022E 3F01 00 1E 09 07 01 50 10 00 05 06 04 00 00 00 00 00 
0230 123C 00 1E 09 07 01 50 10 00 05 06 04 00 00 00 00 00 
023C E7A1 00 1E 09 07 01 50 10 00 05 06 04 00 00 00 00 00 
0240 E8A1 00 1E 09 07 01 50 10 00 05 06 04 00 00 00 00 00 
0244 E9A1 00 1E 09 07 01 50 10 00 05 06 04 00 00 00 00 00 
0248 E29E 00 1E 09 07 01 50 10 00 05 06 04 00 00 00 00 00 
024A 1250 00 1E 09 07 01 50 10 00 05 06 04 00 00 00 00 00 
0250 F607 00 1E 09 07 01 50 10 00 05 06 04 00 00 00 00 00 
0252 3600 00 1E 09 07 01 50 10 07 05 06 04 00 00 00 00 00 
0254 123C 00 1E 09 07 01 50 10 07 05 06 04 00 00 00 00 00 
023C E7A1 00 1E 09 07 01 50 10 07 05 06 04 00 00 00 00 00 
0240 E8A1 00 1E 09 07 01 50 10 07 05 06 04 00 00 00 00 00 
0244 E9A1 00 1E 09 07 01 50 10 07 05 06 04 00 00 00 00 00 
0248 E29E 00 1E 09 07 01 50 10 07 05 06 04 00 00 00 00 00 
024A 1250 00 1E 09 07 01 50 10 07 05 06 04 00 00 00 00 00 
0250 F607 00 1E 09 07 01 50 10 07 05 06 04 00 00 00 00 00 
0252 3600 00 1E 09 07 01 50 10 00 05 06 04 00 00 00 00 00 
0256 D014 00 1E 09 07 01 50 10 00 05 06 04 00 00 00 00 00 
0258 7101 00 1E 09 07 01 50 10 00 05 06 04 00 00 00 00 00 
025A 122A 00 1E 0A 07 01 50 10 00 05 06 04 00 00 00 00 00 
022A F515 00 1E 0A 07 01 50 10 00 05 06 04 00 00 00 00 00 
022C D014 00 1E 0A 07 01 50 10 00 05 06 04 00 00 00 00 00 
022E 3F01 00 1E 0A 07 01 50 10 00 05 06 04 00 00 00 00 00 
0230 123C 00 1E 0A 07 01 50 10 00 05 06 04 00 00 00 00 00 
023C E7A1 00 1E 0A 07 01 50 10 00 05 06 04 00 00 00 00 00 
0240 E8A1 00 1E 0A 07 01 50 10 00 05 06 04 00 00 00 00 00 
0244 E9A1 00 1E 0A 07 01 50 10 00 05 06 04 00 00 00 00 00 
0248 E29E 00 1E 0A 07 01 50 10 00 05 06 04 00 00 00 00 00 
024A 1250 00 1E 0A 07 01 50 10 00 05 06 04 00 00 00 00 00 
0250 F607 00 1E 0A 07 01 50 10 00 05 06 04 00 00 00 00 00 
0252 3600 00 1E 0A 07 01 50 10 07 05 06 04 00 00 00 00 00 
0254 123C 00 1E 0A 07 01 50 10 07 05 06 04 00 00 00 00 00 
023C E7A1 00 1E 0A 07 01 50 10 07 05 06 04 00 00 00 00 00 
0240 E8A1 00 1E 0A 07 01 50 10 07 05 06 04 00 00 00 00 00 
0244 E9A1 00 1E 0A 07 01 50 10 07 05 06 04 00 00 00 00 00 
0248 E29E 00 1E 0A 07 01 50 10 07 05 06 04 00 00 00 00 00 
024A 1250 00 1E 0A 07 01 50 10 07 05 06 04 00 00 00 00 00 
0250 F607 00 1E 0A 07 01 50 10 07 05 06 04 00 00 00 00 00 
0252 3600 00 1E 0A 07 01 50 10 00 05 06 04 00 00 00 00 00 
0256 D014 00 1E 0A 07 01 50 10 00 05 06 04 00 00 00 00 00 
0258 7101 00 1E 0A 07 01 50 10 00 05 06 04 00 00 00 00 00 
025A 122A 00 1E 0B 07 01 50 10 00 05 06 04 00 00 00 00 00 
022A F515 00 1E 0B 07 01 50 10 00 05 06 04 00 00 00 00 00 
022C D014 00 1E 0B 07 01 50 10 00 05 06 04 00 00 00 00 00 
022E 3F01 00 1E 0B 07 01 50 10 00 05 06 04 00 00 00 00 00 
0230 123C 00 1E 0B 07 01 50 10 00 05 06 04 00 00 00 00 00 
023C E7A1 00 1E 0B 07 01 50 10 00 05 06 04 00 00 00 00 00 
0240 E8A1 00 1E 0B 07 01 50 10 00 05 06 04 00 00 00 00 00 
0244 E9A1 00 1E 0B 07 01 50 10 00 05 06 04 00 00 00 00 00 
0248 E29E 00 1E 0B 07 01 50 10 00 05 06 04 00 00 00 00 00 
024A 1250 00 1E 0B 07 01 50 10 00 05 06 04 00 00 00 00 00 
0250 F607 00 1E 0B 07 01 50 10 00 05 06 04 00 00 00 00 00 
0252 3600 00 1E 0B 07 01 50 10 07 05 06 04 00 00 00 00 00 
0254 123C 00 1E 0B 07 01 50 10 07 05 06 04 00 00 00 00 00 
023C E7A1 00 1E 0B 07 01 50 10 07 05 06 04 00 00 00 00 00 
0240 E8A1 00 1E 0B 07 01 50 10 07 05 06 04 00 00 00 00 00 
0244 E9A1 00 1E 0B 07 01 50 10 07 05 06 04 00 00 00 00 00 
0248 E29E 00 1E 0B 07 01 50 10 07 05 06 04 00 00 00 00 00 
024A 1250 00 1E 0B 07 01 50 10 07 05 06 04 00 00 00 00 00 
0250 F607 00 1E 0B 07 01 50 10 07 05 06 04 00 00 00 00 00 
0252 3600 00 1E 0B 07 01 50 10 00 05 06 04 00 00 00 00 00 
0256 D014 00 1E 0B 07 01 50 10 00 05 06 04 00 00 00 00 00 
0258 7101 00 1E 0B 07 01 50 10 00 05 06 04 00 00 00 00 00 
025A 122A 00 1E 0C 07 01 50 10 00 05 06 04 00 00 00 00 00 
022A F515 00 1E 0C 07 01 50 10 00 05 06 04 00 00 00 00 00 
022C D014 00 1E 0C 07 01 50 10 00 05 06 04 00 00 00 00 00 
022E 3F01 00 1E 0C 07 01 50 10 00 05 06 04 00 00 00 00 00 
0230 123C 00 1E 0C 07 01 50 10 00 05 06 04 00 00 00 00 00 
023C E7A1 00 1E 0C 07 01 50 10 00 05 06 04 00 00 00 00 00 
0240 E8A1 00 1E 0C 07 01 50 10 00 05 06 04 00 00 00 00 00 
0244 E9A1 00 1E 0C 07 01 50 10 00 05 06 04 00 00 00 00 00 
0248 E29E 00 1E 0C 07 01 50 10 00 05 06 04 00 00 00 00 00 
024A 1250 00 1E 0C 07 01 50 10 00 05 06 04 00 00 00 00 00 
0250 F607 00 1E 0C 07 01 50 10 00 05 06 04 00 00 00 00 00 
0252 3600 00 1E 0C 07 01 50 10 07 05 06 04 00 00 00 00 00 
0254 123C 00 1E 0C 07 01 50 10 07 05 06 04 00 00 00 00 00 
023C E7A1 00 1E 0C 07 01 50 10 07 05 06 04 00 00 00 00 00 
0240 E8A1 00 1E 0C 07 01 50 10 07 05 06 04 00 00 00 00 00 
0244 E9A1 00 1E 0C 07 01 50 10 07 05 06 04 00 00 00 00 00 
0248 E29E 00 1E 0C 07 01 50 10 07 05 06 04 00 00 00 00 00 
024A 1250 00 1E 0C 07 01 50 10 07 05 06 04 00 00 00 00 00 
0250 F607 00 1E 0C 07 01 50 10 07 05 06 04 00 00 00 00 00 
0252 3600 00 1E 0C 07 01 50 10 00 05 06 04 00 00 00 00 00 
0256 D014 00 1E 0C 07 01 50 10 00 05 06 04 00 00 00 00 00 
0258 7101 00 1E 0C 07 01 50 10 00 05 06 04 00 00 00 00 00 
025A 122A 00 1E 0D 07 01 50 10 00 05 06 04 00 00 00 00 00 
022A F515 00 1E 0D 07 01 50 10 00 05 06 04 00 00 00 00 00 
022C D014 00 1E 0D 07 01 50 10 00 05 06 04 00 00 00 00 00 
022E 3F01 00 1E 0D 07 01 50 10 00 05 06 04 00 00 00 00 00 
0230 123C 00 1E 0D 07 01 50 10 00 05 06 04 00 00 00 00 00 
023C E7A1 00 1E 0D 07 01 50 10 00 05 06 04 00 00 00 00 00 
0240 E8A1 00 1E 0D 07 01 50 10 00 05 06 04 00 00 00 00 00 
0244 E9A1 00 1E 0D 07 01 50 10 00 05 06 04 00 00 00 00 00 
0248 E29E 00 1E 0D 07 01 50 10 00 05 06 04 00 00 00 00 00 
024A 1250 00 1E 0D 07 01 50 10 00 05 06 04 00 00 00 00 00 
0250 F607 00 1E 0D 07 01 50 10 00 05 06 04 00 00 00 00 00 
0252 3600 00 1E 0D 07 01 50 10 07 05 06 04 00 00 00 00 00 
0254 123C 00 1E 0D 07 01 50 10 07 05 06 04 00 00 00 00 00 
023C E7A1 00 1E 0D 07 01 50 10 07 05 06 04 00 00 00 00 00 
0240 E8A1 00 1E 0D 07 01 50 10 07 05 06 04 00 00 00 00 00 
0244 E9A1 00 1E 0D 07 01 50 10 07 05 06 04 00 00 00 00 00 
0248 E29E 00 1E 0D 07 01 50 10 07 05 06 04 00 00 00 00 00 
024A 1250 00 1E 0D 07 01 50 10 07 05 06 04 00 00 00 00 00 
0250 F607 00 1E 0D 07 01 50 10 07 05 06 04 00 00 00 00 00 
0252 3600 00 1E 0D 07 01 50 10 00 05 06 04 00 00 00 00 00 
0256 D014 00 1E 0D 07 01 50 10 00 05 06 04 00 00 00 00 00 
0258 7101 00 1E 0D 07 01 50 10 00 05 06 04 00 00 00 00 00 
025A 122A 00 1E 0E 07 01 50 10 00 05 06 04 00 00 00 00 00 
022A F515 00 1E 0E 07 01 50 10 00 05 06 04 00 00 00 00 00 
022C D014 00 1E 0E 07 01 50 10 00 05 06 04 00 00 00 00 00 
022E 3F01 00 1E 0E 07 01 50 10 00 05 06 04 00 00 00 00 00 
0230 123C 00 1E 0E 07 01 50 10 00 05 06 04 00 00 00 00 00 
023C E7A1 00 1E 0E 07 01 50 10 00 05 06 04 00 00 00 00 00 
0240 E8A1 00 1E 0E 07 01 50 10 00 05 06 04 00 00 00 00 00 
0244 E9A1 00 1E 0E 07 01 50 10 00 05 06 04 00 00 00 00 00 
0248 E29E 00 1E 0E 07 01 50 10 00 05 06 04 00 00 00 00 00 
024A 1250 00 1E 0E 07 01 50 10 00 05 06 04 00 00 00 00 00 
0250 F607 00 1E 0E 07 01 50 10 00 05 06 04 00 00 00 00 00 
0252 3600 00 1E 0E 07 01 50 10 07 05 06 04 00 00 00 00 00 
0254 123C 00 1E 0E 07 01 50 10 07 05 06 04 00 00 00 00 00 
023C E7A1 00 1E 0E 07 01 50 10 07 05 06 04 00 00 00 00 00 
0240 E8A1 00 1E 0E 07 01 50 10 07 05 06 04 00 00 00 00 00 
0244 E9A1 00 1E 0E 07 01 50 10 07 05 06 04 00 00 00 00 00 
0248 E29E 00 1E 0E 07 01 50 10 07 05 06 04 00 00 00 00 00 
024A 1250 00 1E 0E 07 01 50 10 07 05 06 04 00 00 00 00 00 
0250 F607 00 1E 0E 07 01 50 10 07 05 06 04 00 00 00 00 00 
0252 3600 00 1E 0E 07 01 50 10 00 05 06 04 00 00 00 00 00 
0256 D014 00 1E 0E 07 01 50 10 00 05 06 04 00 00 00 00 00 
0258 7101 00 1E 0E 07 01 50 10 00 05 06 04 00 00 00 00 00 
025A 122A 00 1E 0F 07 01 50 10 00 05 06 04 00 00 00 00 00 
022A F515 00 1E 0F 07 01 50 10 00 05 06 04 00 00 00 00 00 
022C D014 00 1E 0F 07 01 50 10 00 05 06 04 00 00 00 00 00 
022E 3F01 00 1E 0F 07 01 50 10 00 05 06 04 00 00 00 00 00 
0230 123C 00 1E 0F 07 01 50 10 00 05 06 04 00 00 00 00 00 
023C E7A1 00 1E 0F 07 01 50 10 00 05 06 04 00 00 00 00 00 
0240 E8A1 00 1E 0F 07 01 50 10 00 05 06 04 00 00 00 00 00 
0244 E9A1 00 1E 0F 07 01 50 10 00 05 06 04 00 00 00 00 00 
0248 E29E 00 1E 0F 07 01 50 10 00 05 06 04 00 00 00 00 00 
024A 1250 00 1E 0F 07 01 50 10 00 05 06 04 00 00 00 00 00 
0250 F607 00 1E 0F 07 01 50 10 00 05 06 04 00 00 00 00 00 
0252 3600 00 1E 0F 07 01 50 10 07 05 06 04 00 00 00 00 00 
0254 123C 00 1E 0F 07 01 50 10 07 05 06 04 00 00 00 00 00 
023C E7A1 00 1E 0F 07 01 50 10 07 05 06 04 00 00 00 00 00 
0240 E8A1 00 1E 0F 07 01 50 10 07 05 06 04 00 00 00 00 00 
0244 E9A1 00 1E 0F 07 01 50 10 07 05 06 04 00 00 00 00 00 
0248 E29E 00 1E 0F 07 01 50 10 07 05 06 04 00 00 00 00 00 
024A 1250 00 1E 0F 07 01 50 10 07 05 06 04 00 00 00 00 00 
0250 F607 00 1E 0F 07 01 50 10 07 05 06 04 00 00 00 00 00 
0252 3600 00 1E 0F 07 01 50 10 00 05 06 04 00 00 00 00 00 
0256 D014 00 1E 0F 07 01 50 10 00 05 06 04 00 00 00 00 00 
0258 7101 00 1E 0F 07 01 50 10 00 05 06 04 00 00 00 00 00 
025A 122A 00 1E 10 07 01 50 10 00 05 06 04 00 00 00 00 00 
022A F515 00 1E 10 07 01 50 10 00 05 06 04 00 00 00 00 00 
022C D014 00 1E 10 07 01 50 10 00 05 06 04 00 00 00 00 00 
022E 3F01 00 1E 10 07 01 50 10 00 05 06 04 00 00 00 00 00 
0230 123C 00 1E 10 07 01 50 10 00 05 06 04 00 00 00 00 00 
023C E7A1 00 1E 10 07 01 50 10 00 05 06 04 00 00 00 00 00 
0240 E8A1 00 1E 10 07 01 50 10 00 05 06 04 00 00 00 00 00 
0244 E9A1 00 1E 10 07 01 50 10 00 05 06 04 00 00 00 00 00 
0248 E29E 00 1E 10 07 01 50 10 00 05 06 04 00 00 00 00 00 
024A 1250 00 1E 10 07 01 50 10 00 05 06 04 00 00 00 00 00 
0250 F607 00 1E 10 07 01 50 10 00 05 06 04 00 00 00 00 00 
0252 3600 00 1E 10 07 01 50 10 07 05 06 04 00 00 00 00 00 
0254 123C 00 1E 10 07 01 50 10 07 05 06 04 00 00 00 00 00 
023C E7A1 00 1E 10 07 01 50 10 07 05 06 04 00 00 00 00 00 
0240 E8A1 00 1E 10 07 01 50 10 07 05 06 04 00 00 00 00 00 
0244 E9A1 00 1E 10 07 01 50 10 07 05 06 04 00 00 00 00 00 
0248 E29E 00 1E 10 07 01 50 10 07 05 06 04 00 00 00 00 00 
024A 1250 00 1E 10 07 01 50 10 07 05 06 04 00 00 00 00 00 
0250 F607 00 1E 10 07 01 50 10 07 05 06 04 00 00 00 00 00 
0252 3600 00 1E 10 07 01 50 10 00 05 06 04 00 00 00 00 00 
0256 D014 00 1E 10 07 01 50 10 00 05 06 04 00 00 00 00 00 
0258 7101 00 1E 10 07 01 50 10 00 05 06 04 00 00 00 00 00 
025A 122A 00 1E 11 07 01 50 10 00 05 06 04 00 00 00 00 00 
022A F515 00 1E 11 07 01 50 10 00 05 06 04 00 00 00 00 00 
022C D014 00 1E 11 07 01 50 10 00 05 06 04 00 00 00 00 00 
022E 3F01 00 1E 11 07 01 50 10 00 05 06 04 00 00 00 00 00 
0230 123C 00 1E 11 07 01 50 10 00 05 06 04 00 00 00 00 00 
023C E7A1 00 1E 11 07 01 50 10 00 05 06 04 00 00 00 00 00 
0240 E8A1 00 1E 11 07 01 50 10 00 05 06 04 00 00 00 00 00 
0244 E9A1 00 1E 11 07 01 50 10 00 05 06 04 00 00 00 00 00 
0248 E29E 00 1E 11 07 01 50 10 00 05 06 04 00 00 00 00 00 
024A 1250 00 1E 11 07 01 50 10 00 05 06 04 00 00 00 00 00 
0250 F607 00 1E 11 07 01 50 10 00 05 06 04 00 00 00 00 00 
0252 3600 00 1E 11 07 01 50 10 07 05 06 04 00 00 00 00 00 
0254 123C 00 1E 11 07 01 50 10 07 05 06 04 00 00 00 00 00 
023C E7A1 00 1E 11 07 01 50 10 07 05 06 04 00 00 00 00 00 
0240 E8A1 00 1E 11 07 01 50 10 07 05 06 04 00 00 00 00 00 
0244 E9A1 00 1E 11 07 01 50 10 07 05 06 04 00 00 00 00 00 
0248 E29E 00 1E 11 07 01 50 10 07 05 06 04 00 00 00 00 00 
024A 1250 00 1E 11 07 01 50 10 07 05 06 04 00 00 00 00 00 
0250 F607 00 1E 11 07 01 50 10 07 05 06 04 00 00 00 00 00 
0252 3600 00 1E 11 07 01 50 10 00 05 06 04 00 00 00 00 00 
0256 D014 00 1E 11 07 01 50 10 00 05 06 04 00 00 00 00 00 
0258 7101 00 1E 11 07 01 50 10 00 05 06 04 00 00 00 00 00 
025A 122A 00 1E 12 07 01 50 10 00 05 06 04 00 00 00 00 00 
022A F515 00 1E 12 07 01 50 10 00 05 06 04 00 00 00 00 00 
022C D014 00 1E 12 07 01 50 10 00 05 06 04 00 00 00 00 00 
022E 3F01 00 1E 12 07 01 50 10 00 05 06 04 00 00 00 00 00 
0230 123C 00 1E 12 07 01 50 10 00 05 06 04 00 00 00 00 00 
023C E7A1 00 1E 12 07 01 50 10 00 05 06 04 00 00 00 00 00 
0240 E8A1 00 1E 12 07 01 50 10 00 05 06 04 00 00 00 00 00 
0244 E9A1 00 1E 12 07 01 50 10 00 05 06 04 00 00 00 00 00 
0248 E29E 00 1E 12 07 01 50 10 00 05 06 04 00 00 00 00 00 
024A 1250 00 1E 12 07 01 50 10 00 05 06 04 00 00 00 00 00 
0250 F607 00 1E 12 07 01 50 10 00 05 06 04 00 00 00 00 00 
0252 3600 00 1E 12 07 01 50 10 07 05 06 04 00 00 00 00 00 
0254 123C 00 1E 12 07 01 50 10 07 05 06 04 00 00 00 00 00 
023C E7A1 00 1E 12 07 01 50 10 07 05 06 04 00 00 00 00 00 
0240 E8A1 00 1E 12 07 01 50 10 07 05 06 04 00 00 00 00 00 
0244 E9A1 00 1E 12 07 01 50 10 07 05 06 04 00 00 00 00 00 
0248 E29E 00 1E 12 07 01 50 10 07 05 06 04 00 00 00 00 00 
024A 1250 00 1E 12 07 01 50 10 07 05 06 04 00 00 00 00 00 
0250 F607 00 1E 12 07 01 50 10 07 05 06 04 00 00 00 00 00 
0252 3600 00 1E 12 07 01 50 10 00 05 06 04 00 00 00 00 00 
0256 D014 00 1E 12 07 01 50 10 00 05 06 04 00 00 00 00 00 
0258 7101 00 1E 12 07 01 50 10 00 05 06 04 00 00 00 00 00 
025A 122A 00 1E 13 07 01 50 10 00 05 06 04 00 00 00 00 00 
022A F515 00 1E 13 07 01 50 10 00 05 06 04 00 00 00 00 00 
022C D014 00 1E 13 07 01 50 10 00 05 06 04 00 00 00 00 00 
022E 3F01 00 1E 13 07 01 50 10 00 05 06 04 00 00 00 00 00 
0230 123C 00 1E 13 07 01 50 10 00 05 06 04 00 00 00 00 00 
023C E7A1 00 1E 13 07 01 50 10 00 05 06 04 00 00 00 00 00 
0240 E8A1 00 1E 13 07 01 50 10 00 05 06 04 00 00 00 00 00 
0244 E9A1 00 1E 13 07 01 50 10 00 05 06 04 00 00 00 00 00 
0248 E29E 00 1E 13 07 01 50 10 00 05 06 04 00 00 00 00 00 
024A 1250 00 1E 13 07 01 50 10 00 05 06 04 00 00 00 00 00 
0250 F607 00 1E 13 07 01 50 10 00 05 06 04 00 00 00 00 00 
0252 3600 00 1E 13 07 01 50 10 07 05 06 04 00 00 00 00 00 
0254 123C 00 1E 13 07 01 50 10 07 05 06 04 00 00 00 00 00 
023C E7A1 00 1E 13 07 01 50 10 07 05 06 04 00 00 00 00 00 
0240 E8A1 00 1E 13 07 01 50 10 07 05 06 04 00 00 00 00 00 
0244 E9A1 00 1E 13 07 01 50 10 07 05 06 04 00 00 00 00 00 
0248 E29E 00 1E 13 07 01 50 10 07 05 06 04 00 00 00 00 00 
024A 1250 00 1E 13 07 01 50 10 07 05 06 04 00 00 00 00 00 
0250 F607 00 1E 13 07 01 50 10 07 05 06 04 00 00 00 00 00 
0252 3600 00 1E 13 07 01 50 10 00 05 06 04 00 00 00 00 00 
0256 D014 00 1E 13 07 01 50 10 00 05 06 04 00 00 00 00 00 
0258 7101 00 1E 13 07 01 50 10 00 05 06 04 00 00 00 00 00 
025A 122A 00 1E 14 07 01 50 10 00 05 06 04 00 00 00 00 00 
022A F515 00 1E 14 07 01 50 10 00 05 06 04 00 00 00 00 00 
022C D014 00 1E 14 07 01 50 10 00 05 06 04 00 00 00 00 00 
022E 3F01 00 1E 14 07 01 50 10 00 05 06 04 00 00 00 00 00 
0230 123C 00 1E 14 07 01 50 10 00 05 06 04 00 00 00 00 00 
023C E7A1 00 1E 14 07 01 50 10 00 05 06 04 00 00 00 00 00 
0240 E8A1 00 1E 14 07 01 50 10 00 05 06 04 00 00 00 00 00 
0244 E9A1 00 1E 14 07 01 50 10 00 05 06 04 00 00 00 00 00 
0248 E29E 00 1E 14 07 01 50 10 00 05 06 04 00 00 00 00 00 
024A 1250 00 1E 14 07 01 50 10 00 05 06 04 00 00 00 00 00 
0250 F607 00 1E 14 07 01 50 10 00 05 06 04 00 00 00 00 00 
0252 3600 00 1E 14 07 01 50 10 07 05 06 04 00 00 00 00 00 
0254 123C 00 1E 14 07 01 50 10 07 05 06 04 00 00 00 00 00 
023C E7A1 00 1E 14 07 01 50 10 07 05 06 04 00 00 00 00 00 
0240 E8A1 00 1E 14 07 01 50 10 07 05 06 04 00 00 00 00 00 
0244 E9A1 00 1E 14 07 01 50 10 07 05 06 04 00 00 00 00 00 
0248 E29E 00 1E 14 07 01 50 10 07 05 06 04 00 00 00 00 00 
024A 1250 00 1E 14 07 01 50 10 07 05 06 04 00 00 00 00 00 
0250 F607 00 1E 14 07 01 50 10 07 05 06 04 00 00 00 00 00 
0252 3600 00 1E 14 07 01 50 10 00 05 06 04 00 00 00 00 00 
0256 D014 00 1E 14 07 01 50 10 00 05 06 04 00 00 00 00 00 
0258 7101 00 1E 14 07 01 50 10 00 05 06 04 00 00 00 00 00 
025A 122A 00 1E 15 07 01 50 10 00 05 06 04 00 00 00 00 00 
022A F515 00 1E 15 07 01 50 10 00 05 06 04 00 00 00 00 00 
022C D014 00 1E 15 07 01 50 10 00 05 06 04 00 00 00 00 00 
022E 3F01 00 1E 15 07 01 50 10 00 05 06 04 00 00 00 00 00 
0230 123C 00 1E 15 07 01 50 10 00 05 06 04 00 00 00 00 00 
023C E7A1 00 1E 15 07 01 50 10 00 05 06 04 00 00 00 00 00 
0240 E8A1 00 1E 15 07 01 50 10 00 05 06 04 00 00 00 00 00 
0244 E9A1 00 1E 15 07 01 50 10 00 05 06 04 00 00 00 00 00 
0248 E29E 00 1E 15 07 01 50 10 00 05 06 04 00 00 00 00 00 
024A 1250 00 1E 15 07 01 50 10 00 05 06 04 00 00 00 00 00 
0250 F607 00 1E 15 07 01 50 10 00 05 06 04 00 00 00 00 00 
0252 3600 00 1E 15 07 01 50 10 07 05 06 04 00 00 00 00 00 
0254 123C 00 1E 15 07 01 50 10 07 05 06 04 00 00 00 00 00 
023C E7A1 00 1E 15 07 01 50 10 07 05 06 04 00 00 00 00 00 
0240 E8A1 00 1E 15 07 01 50 10 07 05 06 04 00 00 00 00 00 
0244 E9A1 00 1E 15 07 01 50 10 07 05 06 04 00 00 00 00 00 
0248 E29E 00 1E 15 07 01 50 10 07 05 06 04 00 00 00 00 00 
024A 1250 00 1E 15 07 01 50 10 07 05 06 04 00 00 00 00 00 
0250 F607 00 1E 15 07 01 50 10 07 05 06 04 00 00 00 00 00 
0252 3600 00 1E 15 07 01 50 10 00 05 06 04 00 00 00 00 00 
0256 D014 00 1E 15 07 01 50 10 00 05 06 04 00 00 00 00 00 
0258 7101 00 1E 15 07 01 50 10 00 05 06 04 00 00 00 00 00 
025A 122A 00 1E 16 07 01 50 10 00 05 06 04 00 00 00 00 00 
022A F515 00 1E 16 07 01 50 10 00 05 06 04 00 00 00 00 00 
022C D014 00 1E 16 07 01 50 10 00 05 06 04 00 00 00 00 00 
022E 3F01 00 1E 16 07 01 50 10 00 05 06 04 00 00 00 00 00 
0230 123C 00 1E 16 07 01 50 10 00 05 06 04 00 00 00 00 00 
023C E7A1 00 1E 16 07 01 50 10 00 05 06 04 00 00 00 00 00 
0240 E8A1 00 1E 16 07 01 50 10 00 05 06 04 00 00 00 00 00 
0244 E9A1 00 1E 16 07 01 50 10 00 05 06 04 00 00 00 00 00 
0248 E29E 00 1E 16 07 01 50 10 00 05 06 04 00 00 00 00 00 
024A 1250 00 1E 16 07 01 50 10 00 05 06 04 00 00 00 00 00 
0250 F607 00 1E 16 07 01 50 10 00 05 06 04 00 00 00 00 00 
0252 3600 00 1E 16 07 01 50 10 07 05 06 04 00 00 00 00 00 
0254 123C 00 1E 16 07 01 50 10 07 05 06 04 00 00 00 00 00 
023C E7A1 00 1E 16 07 01 50 10 07 05 06 04 00 00 00 00 00 
0240 E8A1 00 1E 16 07 01 50 10 07 05 06 04 00 00 00 00 00 
0244 E9A1 00 1E 16 07 01 50 10 07 05 06 04 00 00 00 00 00 
0248 E29E 00 1E 16 07 01 50 10 07 05 06 04 00 00 00 00 00 
024A 1250 00 1E 16 07 01 50 10 07 05 06 04 00 00 00 00 00 
0250 F607 00 1E 16 07 01 50 10 07 05 06 04 00 00 00 00 00 
0252 3600 00 1E 16 07 01 50 10 00 05 06 04 00 00 00 00 00 
0256 D014 00 1E 16 07 01 50 10 00 05 06 04 00 00 00 00 00 
0258 7101 00 1E 16 07 01 50 10 00 05 06 04 00 00 00 00 00 
025A 122A 00 1E 17 07 01 50 10 00 05 06 04 00 00 00 00 00 
022A F515 00 1E 17 07 01 50 10 00 05 06 04 00 00 00 00 00 
022C D014 00 1E 17 07 01 50 10 00 05 06 04 00 00 00 00 00 
022E 3F01 00 1E 17 07 01 50 10 00 05 06 04 00 00 00 00 00 
0230 123C 00 1E 17 07 01 50 10 00 05 06 04 00 00 00 00 00 
023C E7A1 00 1E 17 07 01 50 10 00 05 06 04 00 00 00 00 00 
0240 E8A1 00 1E 17 07 01 50 10 00 05 06 04 00 00 00 00 00 
0244 E9A1 00 1E 17 07 01 50 10 00 05 06 04 00 00 00 00 00 
0248 E29E 00 1E 17 07 01 50 10 00 05 06 04 00 00 00 00 00 
024A 1250 00 1E 17 07 01 50 10 00 05 06 04 00 00 00 00 00 
0250 F607 00 1E 17 07 01 50 10 00 05 06 04 00 00 00 00 00 
0252 3600 00 1E 17 07 01 50 10 07 05 06 04 00 00 00 00 00 
0254 123C 00 1E 17 07 01 50 10 07 05 06 04 00 00 00 00 00 
023C E7A1 00 1E 17 07 01 50 10 07 05 06 04 00 00 00 00 00 
0240 E8A1 00 1E 17 07 01 50 10 07 05 06 04 00 00 00 00 00 
0244 E9A1 00 1E 17 07 01 50 10 07 05 06 04 00 00 00 00 00 
0248 E29E 00 1E 17 07 01 50 10 07 05 06 04 00 00 00 00 00 
024A 1250 00 1E 17 07 01 50 10 07 05 06 04 00 00 00 00 00 
0250 F607 00 1E 17 07 01 50 10 07 05 06 04 00 00 00 00 00 
0252 3600 00 1E 17 07 01 50 10 00 05 06 04 00 00 00 00 00 
0256 D014 00 1E 17 07 01 50 10 00 05 06 04 00 00 00 00 00 
0258 7101 00 1E 17 07 01 50 10 00 05 06 04 00 00 00 00 00 
025A 122A 00 1E 18 07 01 50 10 00 05 06 04 00 00 00 00 00 
022A F515 00 1E 18 07 01 50 10 00 05 06 04 00 00 00 00 00 
022C D014 00 1E 18 07 01 50 10 00 05 06 04 00 00 00 00 00 
022E 3F01 00 1E 18 07 01 50 10 00 05 06 04 00 00 00 00 00 
0230 123C 00 1E 18 07 01 50 10 00 05 06 04 00 00 00 00 00 
023C E7A1 00 1E 18 07 01 50 10 00 05 06 04 00 00 00 00 00 
0240 E8A1 00 1E 18 07 01 50 10 00 05 06 04 00 00 00 00 00 
0244 E9A1 00 1E 18 07 01 50 10 00 05 06 04 00 00 00 00 00 
0248 E29E 00 1E 18 07 01 50 10 00 05 06 04 00 00 00 00 00 
024A 1250 00 1E 18 07 01 50 10 00 05 06 04 00 00 00 00 00 
0250 F607 00 1E 18 07 01 50 10 00 05 06 04 00 00 00 00 00 
0252 3600 00 1E 18 07 01 50 10 07 05 06 04 00 00 00 00 00 
0254 123C 00 1E 18 07 01 50 10 07 05 06 04 00 00 00 00 00 
023C E7A1 00 1E 18 07 01 50 10 07 05 06 04 00 00 00 00 00 
0240 E8A1 00 1E 18 07 01 50 10 07 05 06 04 00 00 00 00 00 
0244 E9A1 00 1E 18 07 01 50 10 07 05 06 04 00 00 00 00 00 
0248 E29E 00 1E 18 07 01 50 10 07 05 06 04 00 00 00 00 00 
024A 1250 00 1E 18 07 01 50 10 07 05 06 04 00 00 00 00 00 
0250 F607 00 1E 18 07 01 50 10 07 05 06 04 00 00 00 00 00 
0252 3600 00 1E 18 07 01 50 10 00 05 06 04 00 00 00 00 00 
0256 D014 00 1E 18 07 01 50 10 00 05 06 04 00 00 00 00 00 
0258 7101 00 1E 18 07 01 50 10 00 05 06 04 00 00 00 00 00 
025A 122A 00 1E 19 07 01 50 10 00 05 06 04 00 00 00 00 00 
022A F515 00 1E 19 07 01 50 10 00 05 06 04 00 00 00 00 00 
022C D014 00 1E 19 07 01 50 10 00 05 06 04 00 00 00 00 00 
022E 3F01 00 1E 19 07 01 50 10 00 05 06 04 00 00 00 00 00 
0230 123C 00 1E 19 07 01 50 10 00 05 06 04 00 00 00 00 00 
023C E7A1 00 1E 19 07 01 50 10 00 05 06 04 00 00 00 00 00 
0240 E8A1 00 1E 19 07 01 50 10 00 05 06 04 00 00 00 00 00 
0244 E9A1 00 1E 19 07 01 50 10 00 05 06 04 00 00 00 00 00 
0248 E29E 00 1E 19 07 01 50 10 00 05 06 04 00 00 00 00 00 
024A 1250 00 1E 19 07 01 50 10 00 05 06 04 00 00 00 00 00 
0250 F607 00 1E 19 07 01 50 10 00 05 06 04 00 00 00 00 00 
0252 3600 00 1E 19 07 01 50 10 07 05 06 04 00 00 00 00 00 
0254 123C 00 1E 19 07 01 50 10 07 05 06 04 00 00 00 00 00 
023C E7A1 00 1E 19 07 01 50 10 07 05 06 04 00 00 00 00 00 
0240 E8A1 00 1E 19 07 01 50 10 07 05 06 04 00 00 00 00 00 
0244 E9A1 00 1E 19 07 01 50 10 07 05 06 04 00 00 00 00 00 
0248 E29E 00 1E 19 07 01 50 10 07 05 06 04 00 00 00 00 00 
024A 1250 00 1E 19 07 01 50 10 07 05 06 04 00 00 00 00 00 
0250 F607 00 1E 19 07 01 50 10 07 05 06 04 00 00 00 00 00 
0252 3600 00 1E 19 07 01 50 10 00 05 06 04 00 00 00 00 00 
0256 D014 00 1E 19 07 01 50 10 00 05 06 04 00 00 00 00 00 
0258 7101 00 1E 19 07 01 50 10 00 05 06 04 00 00 00 00 00 
025A 122A 00 1E 1A 07 01 50 10 00 05 06 04 00 00 00 00 00 
022A F515 00 1E 1A 07 01 50 10 00 05 06 04 00 00 00 00 00 
022C D014 00 1E 1A 07 01 50 10 00 05 06 04 00 00 00 00 00 
022E 3F01 00 1E 1A 07 01 50 10 00 05 06 04 00 00 00 00 00 
0230 123C 00 1E 1A 07 01 50 10 00 05 06 04 00 00 00 00 00 
023C E7A1 00 1E 1A 07 01 50 10 00 05 06 04 00 00 00 00 00 
0240 E8A1 00 1E 1A 07 01 50 10 00 05 06 04 00 00 00 00 00 
0244 E9A1 00 1E 1A 07 01 50 10 00 05 06 04 00 00 00 00 00 
0248 E29E 00 1E 1A 07 01 50 10 00 05 06 04 00 00 00 00 00 
024A 1250 00 1E 1A 07 01 50 10 00 05 06 04 00 00 00 00 00 
0250 F607 00 1E 1A 07 01 50 10 00 05 06 04 00 00 00 00 00 
0252 3600 00 1E 1A 07 01 50 10 07 05 06 04 00 00 00 00 00 
0254 123C 00 1E 1A 07 01 50 10 07 05 06 04 00 00 00 00 00 
023C E7A1 00 1E 1A 07 01 50 10 07 05 06 04 00 00 00 00 00 
0240 E8A1 00 1E 1A 07 01 50 10 07 05 06 04 00 00 00 00 00 
0244 E9A1 00 1E 1A 07 01 50 10 07 05 06 04 00 00 00 00 00 
0248 E29E 00 1E 1A 07 01 50 10 07 05 06 04 00 00 00 00 00 
024A 1250 00 1E 1A 07 01 50 10 07 05 06 04 00 00 00 00 00 
0250 F607 00 1E 1A 07 01 50 10 07 05 06 04 00 00 00 00 00 
0252 3600 00 1E 1A 07 01 50 10 00 05 06 04 00 00 00 00 00 
0256 D014 00 1E 1A 07 01 50 10 00 05 06 04 00 00 00 00 00 
0258 7101 00 1E 1A 07 01 50 10 00 05 06 04 00 00 00 00 00 
025A 122A 00 1E 1B 07 01 50 10 00 05 06 04 00 00 00 00 00 
022A F515 00 1E 1B 07 01 50 10 00 05 06 04 00 00 00 00 00 
022C D014 00 1E 1B 07 01 50 10 00 05 06 04 00 00 00 00 00 
022E 3F01 00 1E 1B 07 01 50 10 00 05 06 04 00 00 00 00 00 
0230 123C 00 1E 1B 07 01 50 10 00 05 06 04 00 00 00 00 00 
023C E7A1 00 1E 1B 07 01 50 10 00 05 06 04 00 00 00 00 00 
0240 E8A1 00 1E 1B 07 01 50 10 00 05 06 04 00 00 00 00 00 
0244 E9A1 00 1E 1B 07 01 50 10 00 05 06 04 00 00 00 00 00 
0248 E29E 00 1E 1B 07 01 50 10 00 05 06 04 00 00 00 00 00 
024A 1250 00 1E 1B 07 01 50 10 00 05 06 04 00 00 00 00 00 
0250 F607 00 1E 1B 07 01 50 10 00 05 06 04 00 00 00 00 00 
0252 3600 00 1E 1B 07 01 50 10 07 05 06 04 00 00 00 00 00 
0254 123C 00 1E 1B 07 01 50 10 07 05 06 04 00 00 00 00 00 
023C E7A1 00 1E 1B 07 01 50 10 07 05 06 04 00 00 00 00 00 
0240 E8A1 00 1E 1B 07 01 50 10 07 05 06 04 00 00 00 00 00 
0244 E9A1 00 1E 1B 07 01 50 10 07 05 06 04 00 00 00 00 00 
0248 E29E 00 1E 1B 07 01 50 10 07 05 06 04 00 00 00 00 00 
024A 1250 00 1E 1B 07 01 50 10 07 05 06 04 00 00 00 00 00 
0250 F607 00 1E 1B 07 01 50 10 07 05 06 04 00 00 00 00 00 
0252 3600 00 1E 1B 07 01 50 10 00 05 06 04 00 00 00 00 00 
0256 D014 00 1E 1B 07 01 50 10 00 05 06 04 00 00 00 00 00 
0258 7101 00 1E 1B 07 01 50 10 00 05 06 04 00 00 00 00 00 
025A 122A 00 1E 1C 07 01 50 10 00 05 06 04 00 00 00 00 00 
022A F515 00 1E 1C 07 01 50 10 00 05 06 04 00 00 00 00 00 
022C D014 00 1E 1C 07 01 50 10 00 05 06 04 00 00 00 00 00 
022E 3F01 00 1E 1C 07 01 50 10 00 05 06 04 00 00 00 00 00 
0230 123C 00 1E 1C 07 01 50 10 00 05 06 04 00 00 00 00 00 
023C E7A1 00 1E 1C 07 01 50 10 00 05 06 04 00 00 00 00 00 
0240 E8A1 00 1E 1C 07 01 50 10 00 05 06 04 00 00 00 00 00 
0244 E9A1 00 1E 1C 07 01 50 10 00 05 06 04 00 00 00 00 00 
0248 E29E 00 1E 1C 07 01 50 10 00 05 06 04 00 00 00 00 00 
024A 1250 00 1E 1C 07 01 50 10 00 05 06 04 00 00 00 00 00 
0250 F607 00 1E 1C 07 01 50 10 00 05 06 04 00 00 00 00 00 
0252 3600 00 1E 1C 07 01 50 10 07 05 06 04 00 00 00 00 00 
0254 123C 00 1E 1C 07 01 50 10 07 05 06 04 00 00 00 00 00 
023C E7A1 00 1E 1C 07 01 50 10 07 05 06 04 00 00 00 00 00 
0240 E8A1 00 1E 1C 07 01 50 10 07 05 06 04 00 00 00 00 00 
0244 E9A1 00 1E 1C 07 01 50 10 07 05 06 04 00 00 00 00 00 
0248 E29E 00 1E 1C 07 01 50 10 07 05 06 04 00 00 00 00 00 
024A 1250 00 1E 1C 07 01 50 10 07 05 06 04 00 00 00 00 00 
0250 F607 00 1E 1C 07 01 50 10 07 05 06 04 00 00 00 00 00 
0252 3600 00 1E 1C 07 01 50 10 00 05 06 04 00 00 00 00 00 
0256 D014 00 1E 1C 07 01 50 10 00 05 06 04 00 00 00 00 00 
0258 7101 00 1E 1C 07 01 50 10 00 05 06 04 00 00 00 00 00 
025A 122A 00 1E 1D 07 01 50 10 00 05 06 04 00 00 00 00 00 
022A F515 00 1E 1D 07 01 50 10 00 05 06 04 00 00 00 00 00 
022C D014 00 1E 1D 07 01 50 10 00 05 06 04 00 00 00 00 00 
022E 3F01 00 1E 1D 07 01 50 10 00 05 06 04 00 00 00 00 00 
0230 123C 00 1E 1D 07 01 50 10 00 05 06 04 00 00 00 00 00 
023C E7A1 00 1E 1D 07 01 50 10 00 05 06 04 00 00 00 00 00 
0240 E8A1 00 1E 1D 07 01 50 10 00 05 06 04 00 00 00 00 00 
0244 E9A1 00 1E 1D 07 01 50 10 00 05 06 04 00 00 00 00 00 
0248 E29E 00 1E 1D 07 01 50 10 00 05 06 04 00 00 00 00 00 
024A 1250 00 1E 1D 07 01 50 10 00 05 06 04 00 00 00 00 00 
0250 F607 00 1E 1D 07 01 50 10 00 05 06 04 00 00 00 00 00 
0252 3600 00 1E 1D 07 01 50 10 07 05 06 04 00 00 00 00 00 
0254 123C 00 1E 1D 07 01 50 10 07 05 06 04 00 00 00 00 00 
023C E7A1 00 1E 1D 07 01 50 10 07 05 06 04 00 00 00 00 00 
0240 E8A1 00 1E 1D 07 01 50 10 07 05 06 04 00 00 00 00 00 
0244 E9A1 00 1E 1D 07 01 50 10 07 05 06 04 00 00 00 00 00 
0248 E29E 00 1E 1D 07 01 50 10 07 05 06 04 00 00 00 00 00 
024A 1250 00 1E 1D 07 01 50 10 07 05 06 04 00 00 00 00 00 
0250 F607 00 1E 1D 07 01 50 10 07 05 06 04 00 00 00 00 00 
0252 3600 00 1E 1D 07 01 50 10 00 05 06 04 00 00 00 00 00 
0256 D014 00 1E 1D 07 01 50 10 00 05 06 04 00 00 00 00 00 
0258 7101 00 1E 1D 07 01 50 10 00 05 06 04 00 00 00 00 00 
025A 122A 00 1E 1E 07 01 50 10 00 05 06 04 00 00 00 00 00 
022A F515 00 1E 1E 07 01 50 10 00 05 06 04 00 00 00 00 00 
022C D014 00 1E 1E 07 01 50 10 00 05 06 04 00 00 00 00 00 
022E 3F01 00 1E 1E 07 01 50 10 00 05 06 04 00 00 00 00 00 
0232 D014 00 1E 1E 07 01 50 10 00 05 06 04 00 00 00 00 00 
0234 71FF 00 1E 1E 07 01 50 10 00 05 06 04 00 00 00 00 00 
0236 D014 00 1E 1D 07 01 50 10 00 05 06 04 00 00 00 00 00 
0238 2340 00 1E 1D 07 01 50 10 00 05 06 04 00 00 00 00 00 
0340 A2B4 01 1E 1D 07 01 50 10 00 05 06 04 00 00 00 00 00 
0342 8C10 01 1E 1D 07 01 50 10 00 05 06 04 00 00 00 00 00 
0344 3C1E 01 1E 1D 07 01 50 10 00 05 06 04 00 00 1D 00 00 
0346 7C01 01 1E 1D 07 01 50 10 00 05 06 04 00 00 1D 00 00 
0348 3C1E 01 1E 1D 07 01 50 10 00 05 06 04 00 00 1E 00 00 
034C 3C1E 01 1E 1D 07 01 50 10 00 05 06 04 00 00 1E 00 00 
0350 235E 01 1E 1D 07 01 50 10 00 05 06 04 00 00 1E 00 00 
035E 601B 02 1E 1D 07 01 50 10 00 05 06 04 00 00 1E 00 00 
0360 6B00 02 1B 1D 07 01 50 10 00 05 06 04 00 00 1E 00 00 
0362 D011 02 1B 1D 07 01 50 10 00 05 06 04 00 00 1E 00 00 
0364 3F00 02 1B 1D 07 01 50 10 00 05 06 04 00 00 1E 00 00 
0368 D011 02 1B 1D 07 01 50 10 00 05 06 04 00 00 1E 00 00 
036A 7001 02 1B 1D 07 01 50 10 00 05 06 04 00 00 1E 00 00 
036C 3025 02 1C 1D 07 01 50 10 00 05 06 04 00 00 1E 00 00 
036E 1362 02 1C 1D 07 01 50 10 00 05 06 04 00 00 1E 00 00 
0362 D011 02 1C 1D 07 01 50 10 00 05 06 04 00 00 1E 00 00 
0364 3F00 02 1C 1D 07 01 50 10 00 05 06 04 00 00 1E 00 00 
0368 D011 02 1C 1D 07 01 50 10 00 05 06 04 00 00 1E 00 00 
036A 7001 02 1C 1D 07 01 50 10 00 05 06 04 00 00 1E 00 00 
036C 3025 02 1D 1D 07 01 50 10 00 05 06 04 00 00 1E 00 00 
036E 1362 02 1D 1D 07 01 50 10 00 05 06 04 00 00 1E 00 00 
0362 D011 02 1D 1D 07 01 50 10 00 05 06 04 00 00 1E 00 00 
0364 3F00 02 1D 1D 07 01 50 10 00 05 06 04 00 00 1E 00 00 
0368 D011 02 1D 1D 07 01 50 10 00 05 06 04 00 00 1E 00 00 
036A 7001 02 1D 1D 07 01 50 10 00 05 06 04 00 00 1E 00 00 
036C 3025 02 1E 1D 07 01 50 10 00 05 06 04 00 00 1E 00 00 
036E 1362 02 1E 1D 07 01 50 10 00 05 06 04 00 00 1E 00 00 
0362 D011 02 1E 1D 07 01 50 10 00 05 06 04 00 00 1E 00 00 
0364 3F00 02 1E 1D 07 01 50 10 00 05 06 04 00 00 1E 00 00 
0366 7B01 02 1E 1D 07 01 50 10 00 05 06 04 00 00 1E 00 00 
0368 D011 02 1E 1D 07 01 50 10 00 05 06 04 00 01 1E 00 00 
036A 7001 02 1E 1D 07 01 50 10 00 05 06 04 00 01 1E 00 00 
036C 3025 02 1F 1D 07 01 50 10 00 05 06 04 00 01 1E 00 00 
036E 1362 02 1F 1D 07 01 50 10 00 05 06 04 00 01 1E 00 00 
0362 D011 02 1F 1D 07 01 50 10 00 05 06 04 00 01 1E 00 00 
0364 3F00 02 1F 1D 07 01 50 10 00 05 06 04 00 01 1E 00 00 
0366 7B01 02 1F 1D 07 01 50 10 00 05 06 04 00 01 1E 00 00 
0368 D011 02 1F 1D 07 01 50 10 00 05 06 04 00 02 1E 00 00 
036A 7001 02 1F 1D 07 01 50 10 00 05 06 04 00 02 1E 00 00 
036C 3025 02 20 1D 07 01 50 10 00 05 06 04 00 02 1E 00 00 
036E 1362 02 20 1D 07 01 50 10 00 05 06 04 00 02 1E 00 00 
0362 D011 02 20 1D 07 01 50 10 00 05 06 04 00 02 1E 00 00 
0364 3F00 02 20 1D 07 01 50 10 00 05 06 04 00 02 1E 00 00 
0368 D011 02 20 1D 07 01 50 10 00 05 06 04 00 02 1E 00 00 
036A 7001 02 20 1D 07 01 50 10 00 05 06 04 00 02 1E 00 00 
036C 3025 02 21 1D 07 01 50 10 00 05 06 04 00 02 1E 00 00 
036E 1362 02 21 1D 07 01 50 10 00 05 06 04 00 02 1E 00 00 
0362 D011 02 21 1D 07 01 50 10 00 05 06 04 00 02 1E 00 00 
0364 3F00 02 21 1D 07 01 50 10 00 05 06 04 00 02 1E 00 00 
0368 D011 02 21 1D 07 01 50 10 00 05 06 04 00 02 1E 00 00 
036A 7001 02 21 1D 07 01 50 10 00 05 06 04 00 02 1E 00 00 
036C 3025 02 22 1D 07 01 50 10 00 05 06 04 00 02 1E 00 00 
036E 1362 02 22 1D 07 01 50 10 00 05 06 04 00 02 1E 00 00 
0362 D011 02 22 1D 07 01 50 10 00 05 06 04 00 02 1E 00 00 
0364 3F00 02 22 1D 07 01 50 10 00 05 06 04 00 02 1E 00 00 
0368 D011 02 22 1D 07 01 50 10 00 05 06 04 00 02 1E 00 00 
036A 7001 02 22 1D 07 01 50 10 00 05 06 04 00 02 1E 00 00 
036C 3025 02 23 1D 07 01 50 10 00 05 06 04 00 02 1E 00 00 
036E 1362 02 23 1D 07 01 50 10 00 05 06 04 00 02 1E 00 00 
0362 D011 02 23 1D 07 01 50 10 00 05 06 04 00 02 1E 00 00 
0364 3F00 02 23 1D 07 01 50 10 00 05 06 04 00 02 1E 00 00 
0368 D011 02 23 1D 07 01 50 10 00 05 06 04 00 02 1E 00 00 
036A 7001 02 23 1D 07 01 50 10 00 05 06 04 00 02 1E 00 00 
036C 3025 02 24 1D 07 01 50 10 00 05 06 04 00 02 1E 00 00 
036E 1362 02 24 1D 07 01 50 10 00 05 06 04 00 02 1E 00 00 
0362 D011 02 24 1D 07 01 50 10 00 05 06 04 00 02 1E 00 00 
0364 3F00 02 24 1D 07 01 50 10 00 05 06 04 00 02 1E 00 00 
0368 D011 02 24 1D 07 01 50 10 00 05 06 04 00 02 1E 00 00 
036A 7001 02 24 1D 07 01 50 10 00 05 06 04 00 02 1E 00 00 
036C 3025 02 25 1D 07 01 50 10 00 05 06 04 00 02 1E 00 00 
0370 00EE 02 25 1D 07 01 50 10 00 05 06 04 00 02 1E 00 00 
0352 4B0A 01 25 1D 07 01 50 10 00 05 06 04 00 02 1E 00 00 
0356 91C0 01 25 1D 07 01 50 10 00 05 06 04 00 02 1E 00 00 
035A 7101 01 25 1D 07 01 50 10 00 05 06 04 00 02 1E 00 00 
035C 1350 01 25 1E 07 01 50 10 00 05 06 04 00 02 1E 00 00 
0350 235E 01 25 1E 07 01 50 10 00 05 06 04 00 02 1E 00 00 
035E 601B 02 25 1E 07 01 50 10 00 05 06 04 00 02 1E 00 00 
0360 6B00 02 1B 1E 07 01 50 10 00 05 06 04 00 02 1E 00 00 
0362 D011 02 1B 1E 07 01 50 10 00 05 06 04 00 00 1E 00 00 
0364 3F00 02 1B 1E 07 01 50 10 00 05 06 04 00 00 1E 00 00 
0368 D011 02 1B 1E 07 01 50 10 00 05 06 04 00 00 1E 00 00 
036A 7001 02 1B 1E 07 01 50 10 00 05 06 04 00 00 1E 00 00 
036C 3025 02 1C 1E 07 01 50 10 00 05 06 04 00 00 1E 00 00 
036E 1362 02 1C 1E 07 01 50 10 00 05 06 04 00 00 1E 00 00 
0362 D011 02 1C 1E 07 01 50 10 00 05 06 04 00 00 1E 00 00 
0364 3F00 02 1C 1E 07 01 50 10 00 05 06 04 00 00 1E 00 00 
0368 D011 02 1C 1E 07 01 50 10 00 05 06 04 00 00 1E 00 00 
036A 7001 02 1C 1E 07 01 50 10 00 05 06 04 00 00 1E 00 00 
036C 3025 02 1D 1E 07 01 50 10 00 05 06 04 00 00 1E 00 00 
036E 1362 02 1D 1E 07 01 50 10 00 05 06 04 00 00 1E 00 00 
0362 D011 02 1D 1E 07 01 50 10 00 05 06 04 00 00 1E 00 00 
0364 3F00 02 1D 1E 07 01 50 10 00 05 06 04 00 00 1E 00 00 
0368 D011 02 1D 1E 07 01 50 10 00 05 06 04 00 00 1E 00 00 
036A 7001 02 1D 1E 07 01 50 10 00 05 06 04 00 00 1E 00 00 
036C 3025 02 1E 1E 07 01 50 10 00 05 06 04 00 00 1E 00 00 
036E 1362 02 1E 1E 07 01 50 10 00 05 06 04 00 00 1E 00 00 
0362 D011 02 1E 1E 07 01 50 10 00 05 06 04 00 00 1E 00 00 
0364 3F00 02 1E 1E 07 01 50 10 00 05 06 04 00 00 1E 00 00 
0366 7B01 02 1E 1E 07 01 50 10 00 05 06 04 00 00 1E 00 00 
0368 D011 02 1E 1E 07 01 50 10 00 05 06 04 00 01 1E 00 00 
036A 7001 02 1E 1E 07 01 50 10 00 05 06 04 00 01 1E 00 00 
036C 3025 02 1F 1E 07 01 50 10 00 05 06 04 00 01 1E 00 00 
036E 1362 02 1F 1E 07 01 50 10 00 05 06 04 00 01 1E 00 00 
0362 D011 02 1F 1E 07 01 50 10 00 05 06 04 00 01 1E 00 00 
0364 3F00 02 1F 1E 07 01 50 10 00 05 06 04 00 01 1E 00 00 
0366 7B01 02 1F 1E 07 01 50 10 00 05 06 04 00 01 1E 00 00 
0368 D011 02 1F 1E 07 01 50 10 00 05 06 04 00 02 1E 00 00 
036A 7001 02 1F 1E 07 01 50 10 00 05 06 04 00 02 1E 00 00 
036C 3025 02 20 1E 07 01 50 10 00 05 06 04 00 02 1E 00 00 
036E 1362 02 20 1E 07 01 50 10 00 05 06 04 00 02 1E 00 00 
0362 D011 02 20 1E 07 01 50 10 00 05 06 04 00 02 1E 00 00 
0364 3F00 02 20 1E 07 01 50 10 00 05 06 04 00 02 1E 00 00 
0368 D011 02 20 1E 07 01 50 10 00 05 06 04 00 02 1E 00 00 
036A 7001 02 20 1E 07 01 50 10 00 05 06 04 00 02 1E 00 00 
036C 3025 02 21 1E 07 01 50 10 00 05 06 04 00 02 1E 00 00 
036E 1362 02 21 1E 07 01 50 10 00 05 06 04 00 02 1E 00 00 
0362 D011 02 21 1E 07 01 50 10 00 05 06 04 00 02 1E 00 00 
0364 3F00 02 21 1E 07 01 50 10 00 05 06 04 00 02 1E 00 00 
0368 D011 02 21 1E 07 01 50 10 00 05 06 04 00 02 1E 00 00 
036A 7001 02 21 1E 07 01 50 10 00 05 06 04 00 02 1E 00 00 
036C 3025 02 22 1E 07 01 50 10 00 05 06 04 00 02 1E 00 00 
036E 1362 02 22 1E 07 01 50 10 00 05 06 04 00 02 1E 00 00 
0362 D011 02 22 1E 07 01 50 10 00 05 06 04 00 02 1E 00 00 
0364 3F00 02 22 1E 07 01 50 10 00 05 06 04 00 02 1E 00 00 
0368 D011 02 22 1E 07 01 50 10 00 05 06 04 00 02 1E 00 00 
036A 7001 02 22 1E 07 01 50 10 00 05 06 04 00 02 1E 00 00 
036C 3025 02 23 1E 07 01 50 10 00 05 06 04 00 02 1E 00 00 
036E 1362 02 23 1E 07 01 50 10 00 05 06 04 00 02 1E 00 00 
0362 D011 02 23 1E 07 01 50 10 00 05 06 04 00 02 1E 00 00 
0364 3F00 02 23 1E 07 01 50 10 00 05 06 04 00 02 1E 00 00 
0368 D011 02 23 1E 07 01 50 10 00 05 06 04 00 02 1E 00 00 
036A 7001 02 23 1E 07 01 50 10 00 05 06 04 00 02 1E 00 00 
036C 3025 02 24 1E 07 01 50 10 00 05 06 04 00 02 1E 00 00 
036E 1362 02 24 1E 07 01 50 10 00 05 06 04 00 02 1E 00 00 
0362 D011 02 24 1E 07 01 50 10 00 05 06 04 00 02 1E 00 00 
0364 3F00 02 24 1E 07 01 50 10 00 05 06 04 00 02 1E 00 00 
0368 D011 02 24 1E 07 01 50 10 00 05 06 04 00 02 1E 00 00 
036A 7001 02 24 1E 07 01 50 10 00 05 06 04 00 02 1E 00 00 
036C 3025 02 25 1E 07 01 50 10 00 05 06 04 00 02 1E 00 00 
0370 00EE 02 25 1E 07 01 50 10 00 05 06 04 00 02 1E 00 00 
0352 4B0A 01 25 1E 07 01 50 10 00 05 06 04 00 02 1E 00 00 
0356 91C0 01 25 1E 07 01 50 10 00 05 06 04 00 02 1E 00 00 
0358 00EE 01 25 1E 07 01 50 10 00 05 06 04 00 02 1E 00 00 
023A 121C 00 25 1E 07 01 50 10 00 05 06 04 00 02 1E 00 00 
021C C470 00 25 1E 07 01 50 10 00 05 06 04 00 02 1E 00 00 
021E 4470 00 25 1E 07 01 50 10 00 05 06 04 00 02 1E 00 00 
0222 C303 00 25 1E 07 01 50 10 00 05 06 04 00 02 1E 00 00 
0224 601E 00 25 1E 07 01 50 10 00 05 06 04 00 02 1E 00 00 
0226 6103 00 1E 1E 07 01 50 10 00 05 06 04 00 02 1E 00 00 
0228 225C 00 1E 03 07 01 50 10 00 05 06 04 00 02 1E 00 00 
025C A2C4 01 1E 03 07 01 50 10 00 05 06 04 00 02 1E 00 00 
025E F41E 01 1E 03 07 01 50 10 00 05 06 04 00 02 1E 00 00 
0260 6600 01 1E 03 07 01 50 10 00 05 06 04 00 02 1E 00 00 
0262 4301 01 1E 03 07 01 50 10 00 05 06 04 00 02 1E 00 00 
0264 6604 01 1E 03 07 01 50 10 00 05 06 04 00 02 1E 00 00 
0266 4302 01 1E 03 07 01 50 10 04 05 06 04 00 02 1E 00 00 
026A 4303 01 1E 03 07 01 50 10 04 05 06 04 00 02 1E 00 00 
026E F61E 01 1E 03 07 01 50 10 04 05 06 04 00 02 1E 00 00 
0270 00EE 01 1E 03 07 01 50 10 04 05 06 04 00 02 1E 00 00 
022A F515 00 1E 03 07 01 50 10 04 05 06 04 00 02 1E 00 00 
022C D014 00 1E 03 07 01 50 10 04 05 06 04 00 02 1E 00 00 
022E 3F01 00 1E 03 07 01 50 10 04 05 06 04 00 02 1E 00 00 
0230 123C 00 1E 03 07 01 50 10 04 05 06 04 00 02 1E 00 00 
023C E7A1 00 1E 03 07 01 50 10 04 05 06 04 00 02 1E 00 00 
0240 E8A1 00 1E 03 07 01 50 10 04 05 06 04 00 02 1E 00 00 
0244 E9A1 00 1E 03 07 01 50 10 04 05 06 04 00 02 1E 00 00 
0248 E29E 00 1E 03 07 01 50 10 04 05 06 04 00 02 1E 00 00 
024A 1250 00 1E 03 07 01 50 10 04 05 06 04 00 02 1E 00 00 
0250 F607 00 1E 03 07 01 50 10 04 05 06 04 00 02 1E 00 00 
0252 3600 00 1E 03 07 01 50 10 07 05 06 04 00 02 1E 00 00 
0254 123C 00 1E 03 07 01 50 10 07 05 06 04 00 02 1E 00 00 
023C E7A1 00 1E 03 07 01 50 10 07 05 06 04 00 02 1E 00 00 
0240 E8A1 00 1E 03 07 01 50 10 07 05 06 04 00 02 1E 00 00 
0244 E9A1 00 1E 03 07 01 50 10 07 05 06 04 00 02 1E 00 00 
0248 E29E 00 1E 03 07 01 50 10 07 05 06 04 00 02 1E 00 00 
024A 1250 00 1E 03 07 01 50 10 07 05 06 04 00 02 1E 00 00 
0250 F607 00 1E 03 07 01 50 10 07 05 06 04 00 02 1E 00 00 
0252 3600 00 1E 03 07 01 50 10 00 05 06 04 00 02 1E 00 00 
0256 D014 00 1E 03 07 01 50 10 00 05 06 04 00 02 1E 00 00 
0258 7101 00 1E 03 07 01 50 10 00 05 06 04 00 02 1E 00 00 
025A 122A 00 1E 04 07 01 50 10 00 05 06 04 00 02 1E 00 00 
022A F515 00 1E 04 07 01 50 10 00 05 06 04 00 02 1E 00 00 
022C D014 00 1E 04 07 01 50 10 00 05 06 04 00 02 1E 00 00 
022E 3F01 00 1E 04 07 01 50 10 00 05 06 04 00 02 1E 00 00 
0230 123C 00 1E 04 07 01 50 10 00 05 06 04 00 02 1E 00 00 
023C E7A1 00 1E 04 07 01 50 10 00 05 06 04 00 02 1E 00 00 
0240 E8A1 00 1E 04 07 01 50 10 00 05 06 04 00 02 1E 00 00 
0244 E9A1 00 1E 04 07 01 50 10 00 05 06 04 00 02 1E 00 00 
0248 E29E 00 1E 04 07 01 50 10 00 05 06 04 00 02 1E 00 00 
024A 1250 00 1E 04 07 01 50 10 00 05 06 04 00 02 1E 00 00 
0250 F607 00 1E 04 07 01 50 10 00 05 06 04 00 02 1E 00 00 
0252 3600 00 1E 04 07 01 50 10 07 05 06 04 00 02 1E 00 00 
0254 123C 00 1E 04 07 01 50 10 07 05 06 04 00 02 1E 00 00 
023C E7A1 00 1E 04 07 01 50 10 07 05 06 04 00 02 1E 00 00 
0240 E8A1 00 1E 04 07 01 50 10 07 05 06 04 00 02 1E 00 00 
0244 E9A1 00 1E 04 07 01 50 10 07 05 06 04 00 02 1E 00 00 
0248 E29E 00 1E 04 07 01 50 10 07 05 06 04 00 02 1E 00 00 
024A 1250 00 1E 04 07 01 50 10 07 05 06 04 00 02 1E 00 00 
0250 F607 00 1E 04 07 01 50 10 07 05 06 04 00 02 1E 00 00 
0252 3600 00 1E 04 07 01 50 10 00 05 06 04 00 02 1E 00 00 
0256 D014 00 1E 04 07 01 50 10 00 05 06 04 00 02 1E 00 00 
0258 7101 00 1E 04 07 01 50 10 00 05 06 04 00 02 1E 00 00 
025A 122A 00 1E 05 07 01 50 10 00 05 06 04 00 02 1E 00 00 
022A F515 00 1E 05 07 01 50 10 00 05 06 04 00 02 1E 00 00 
022C D014 00 1E 05 07 01 50 10 00 05 06 04 00 02 1E 00 00 
022E 3F01 00 1E 05 07 01 50 10 00 05 06 04 00 02 1E 00 00 
0230 123C 00 1E 05 07 01 50 10 00 05 06 04 00 02 1E 00 00 
023C E7A1 00 1E 05 07 01 50 10 00 05 06 04 00 02 1E 00 00 
0240 E8A1 00 1E 05 07 01 50 10 00 05 06 04 00 02 1E 00 00 
0244 E9A1 00 1E 05 07 01 50 10 00 05 06 04 00 02 1E 00 00 
0248 E29E 00 1E 05 07 01 50 10 00 05 06 04 00 02 1E 00 00 
024A 1250 00 1E 05 07 01 50 10 00 05 06 04 00 02 1E 00 00 
0250 F607 00 1E 05 07 01 50 10 00 05 06 04 00 02 1E 00 00 
0252 3600 00 1E 05 07 01 50 10 07 05 06 04 00 02 1E 00 00 
0254 123C 00 1E 05 07 01 50 10 07 05 06 04 00 02 1E 00 00 
023C E7A1 00 1E 05 07 01 50 10 07 05 06 04 00 02 1E 00 00 
0240 E8A1 00 1E 05 07 01 50 10 07 05 06 04 00 02 1E 00 00 
0244 E9A1 00 1E 05 07 01 50 10 07 05 06 04 00 02 1E 00 00 
0248 E29E 00 1E 05 07 01 50 10 07 05 06 04 00 02 1E 00 00 
024A 1250 00 1E 05 07 01 50 10 07 05 06 04 00 02 1E 00 00 
0250 F607 00 1E 05 07 01 50 10 07 05 06 04 00 02 1E 00 00 
0252 3600 00 1E 05 07 01 50 10 00 05 06 04 00 02 1E 00 00 
0256 D014 00 1E 05 07 01 50 10 00 05 06 04 00 02 1E 00 00 
0258 7101 00 1E 05 07 01 50 10 00 05 06 04 00 02 1E 00 00 
025A 122A 00 1E 06 07 01 50 10 00 05 06 04 00 02 1E 00 00 
022A F515 00 1E 06 07 01 50 10 00 05 06 04 00 02 1E 00 00 
022C D014 00 1E 06 07 01 50 10 00 05 06 04 00 02 1E 00 00 
022E 3F01 00 1E 06 07 01 50 10 00 05 06 04 00 02 1E 00 00 
0230 123C 00 1E 06 07 01 50 10 00 05 06 04 00 02 1E 00 00 
023C E7A1 00 1E 06 07 01 50 10 00 05 06 04 00 02 1E 00 00 
0240 E8A1 00 1E 06 07 01 50 10 00 05 06 04 00 02 1E 00 00 
0244 E9A1 00 1E 06 07 01 50 10 00 05 06 04 00 02 1E 00 00 
0248 E29E 00 1E 06 07 01 50 10 00 05 06 04 00 02 1E 00 00 
024A 1250 00 1E 06 07 01 50 10 00 05 06 04 00 02 1E 00 00 
0250 F607 00 1E 06 07 01 50 10 00 05 06 04 00 02 1E 00 00 
0252 3600 00 1E 06 07 01 50 10 07 05 06 04 00 02 1E 00 00 
0254 123C 00 1E 06 07 01 50 10 07 05 06 04 00 02 1E 00 00 
023C E7A1 00 1E 06 07 01 50 10 07 05 06 04 00 02 1E 00 00 
0240 E8A1 00 1E 06 07 01 50 10 07 05 06 04 00 02 1E 00 00 
0244 E9A1 00 1E 06 07 01 50 10 07 05 06 04 00 02 1E 00 00 
0248 E29E 00 1E 06 07 01 50 10 07 05 06 04 00 02 1E 00 00 
024A 1250 00 1E 06 07 01 50 10 07 05 06 04 00 02 1E 00 00 
0250 F607 00 1E 06 07 01 50 10 07 05 06 04 00 02 1E 00 00 
0252 3600 00 1E 06 07 01 50 10 00 05 06 04 00 02 1E 00 00 
0256 D014 00 1E 06 07 01 50 10 00 05 06 04 00 02 1E 00 00 
0258 7101 00 1E 06 07 01 50 10 00 05 06 04 00 02 1E 00 00 
025A 122A 00 1E 07 07 01 50 10 00 05 06 04 00 02 1E 00 00 
022A F515 00 1E 07 07 01 50 10 00 05 06 04 00 02 1E 00 00 
022C D014 00 1E 07 07 01 50 10 00 05 06 04 00 02 1E 00 00 
022E 3F01 00 1E 07 07 01 50 10 00 05 06 04 00 02 1E 00 00 
0230 123C 00 1E 07 07 01 50 10 00 05 06 04 00 02 1E 00 00 
023C E7A1 00 1E 07 07 01 50 10 00 05 06 04 00 02 1E 00 00 
0240 E8A1 00 1E 07 07 01 50 10 00 05 06 04 00 02 1E 00 00 
0244 E9A1 00 1E 07 07 01 50 10 00 05 06 04 00 02 1E 00 00 
0248 E29E 00 1E 07 07 01 50 10 00 05 06 04 00 02 1E 00 00 
024A 1250 00 1E 07 07 01 50 10 00 05 06 04 00 02 1E 00 00 
0250 F607 00 1E 07 07 01 50 10 00 05 06 04 00 02 1E 00 00 
0252 3600 00 1E 07 07 01 50 10 07 05 06 04 00 02 1E 00 00 
0254 123C 00 1E 07 07 01 50 10 07 05 06 04 00 02 1E 00 00 
023C E7A1 00 1E 07 07 01 50 10 07 05 06 04 00 02 1E 00 00 
0240 E8A1 00 1E 07 07 01 50 10 07 05 06 04 00 02 1E 00 00 
0244 E9A1 00 1E 07 07 01 50 10 07 05 06 04 00 02 1E 00 00 
0248 E29E 00 1E 07 07 01 50 10 07 05 06 04 00 02 1E 00 00 
024A 1250 00 1E 07 07 01 50 10 07 05 06 04 00 02 1E 00 00 
0250 F607 00 1E 07 07 01 50 10 07 05 06 04 00 02 1E 00 00 
0252 3600 00 1E 07 07 01 50 10 00 05 06 04 00 02 1E 00 00 
0256 D014 00 1E 07 07 01 50 10 00 05 06 04 00 02 1E 00 00 
0258 7101 00 1E 07 07 01 50 10 00 05 06 04 00 02 1E 00 00 
025A 122A 00 1E 08 07 01 50 10 00 05 06 04 00 02 1E 00 00 
022A F515 00 1E 08 07 01 50 10 00 05 06 04 00 02 1E 00 00 
022C D014 00 1E 08 07 01 50 10 00 05 06 04 00 02 1E 00 00 
022E 3F01 00 1E 08 07 01 50 10 00 05 06 04 00 02 1E 00 00 
0230 123C 00 1E 08 07 01 50 10 00 05 06 04 00 02 1E 00 00 
023C E7A1 00 1E 08 07 01 50 10 00 05 06 04 00 02 1E 00 00 
0240 E8A1 00 1E 08 07 01 50 10 00 05 06 04 00 02 1E 00 00 
0244 E9A1 00 1E 08 07 01 50 10 00 05 06 04 00 02 1E 00 00 
0248 E29E 00 1E 08 07 01 50 10 00 05 06 04 00 02 1E 00 00 
024A 1250 00 1E 08 07 01 50 10 00 05 06 04 00 02 1E 00 00 
0250 F607 00 1E 08 07 01 50 10 00 05 06 04 00 02 1E 00 00 
0252 3600 00 1E 08 07 01 50 10 07 05 06 04 00 02 1E 00 00 
0254 123C 00 1E 08 07 01 50 10 07 05 06 04 00 02 1E 00 00 
023C E7A1 00 1E 08 07 01 50 10 07 05 06 04 00 02 1E 00 00 
0240 E8A1 00 1E 08 07 01 50 10 07 05 06 04 00 02 1E 00 00 
0244 E9A1 00 1E 08 07 01 50 10 07 05 06 04 00 02 1E 00 00 
0248 E29E 00 1E 08 07 01 50 10 07 05 06 04 00 02 1E 00 00 
024A 1250 00 1E 08 07 01 50 10 07 05 06 04 00 02 1E 00 00 
0250 F607 00 1E 08 07 01 50 10 07 05 06 04 00 02 1E 00 00 
0252 3600 00 1E 08 07 01 50 10 00 05 06 04 00 02 1E 00 00 
0256 D014 00 1E 08 07 01 50 10 00 05 06 04 00 02 1E 00 00 
0258 7101 00 1E 08 07 01 50 10 00 05 06 04 00 02 1E 00 00 
025A 122A 00 1E 09 07 01 50 10 00 05 06 04 00 02 1E 00 00 
022A F515 00 1E 09 07 01 50 10 00 05 06 04 00 02 1E 00 00 
022C D014 00 1E 09 07 01 50 10 00 05 06 04 00 02 1E 00 00 
022E 3F01 00 1E 09 07 01 50 10 00 05 06 04 00 02 1E 00 00 
0230 123C 00 1E 09 07 01 50 10 00 05 06 04 00 02 1E 00 00 
023C E7A1 00 1E 09 07 01 50 10 00 05 06 04 00 02 1E 00 00 
0240 E8A1 00 1E 09 07 01 50 10 00 05 06 04 00 02 1E 00 00 
0244 E9A1 00 1E 09 07 01 50 10 00 05 06 04 00 02 1E 00 00 
0248 E29E 00 1E 09 07 01 50 10 00 05 06 04 00 02 1E 00 00 
024A 1250 00 1E 09 07 01 50 10 00 05 06 04 00 02 1E 00 00 
0250 F607 00 1E 09 07 01 50 10 00 05 06 04 00 02 1E 00 00 
0252 3600 00 1E 09 07 01 50 10 07 05 06 04 00 02 1E 00 00 
0254 123C 00 1E 09 07 01 50 10 07 05 06 04 00 02 1E 00 00 
023C E7A1 00 1E 09 07 01 50 10 07 05 06 04 00 02 1E 00 00 
0240 E8A1 00 1E 09 07 01 50 10 07 05 06 04 00 02 1E 00 00 
0244 E9A1 00 1E 09 07 01 50 10 07 05 06 04 00 02 1E 00 00 
0248 E29E 00 1E 09 07 01 50 10 07 05 06 04 00 02 1E 00 00 
024A 1250 00 1E 09 07 01 50 10 07 05 06 04 00 02 1E 00 00 
0250 F607 00 1E 09 07 01 50 10 07 05 06 04 00 02 1E 00 00 
0252 3600 00 1E 09 07 01 50 10 00 05 06 04 00 02 1E 00 00 
0256 D014 00 1E 09 07 01 50 10 00 05 06 04 00 02 1E 00 00 
0258 7101 00 1E 09 07 01 50 10 00 05 06 04 00 02 1E 00 00 
025A 122A 00 1E 0A 07 01 50 10 00 05 06 04 00 02 1E 00 00 
022A F515 00 1E 0A 07 01 50 10 00 05 06 04 00 02 1E 00 00 
022C D014 00 1E 0A 07 01 50 10 00 05 06 04 00 02 1E 00 00 
022E 3F01 00 1E 0A 07 01 50 10 00 05 06 04 00 02 1E 00 00 
0230 123C 00 1E 0A 07 01 50 10 00 05 06 04 00 02 1E 00 00 
023C E7A1 00 1E 0A 07 01 50 10 00 05 06 04 00 02 1E 00 00 
0240 E8A1 00 1E 0A 07 01 50 10 00 05 06 04 00 02 1E 00 00 
0244 E9A1 00 1E 0A 07 01 50 10 00 05 06 04 00 02 1E 00 00 
0248 E29E 00 1E 0A 07 01 50 10 00 05 06 04 00 02 1E 00 00 
024A 1250 00 1E 0A 07 01 50 10 00 05 06 04 00 02 1E 00 00 
0250 F607 00 1E 0A 07 01 50 10 00 05 06 04 00 02 1E 00 00 
0252 3600 00 1E 0A 07 01 50 10 07 05 06 04 00 02 1E 00 00 
0254 123C 00 1E 0A 07 01 50 10 07 05 06 04 00 02 1E 00 00 
023C E7A1 00 1E 0A 07 01 50 10 07 05 06 04 00 02 1E 00 00 
0240 E8A1 00 1E 0A 07 01 50 10 07 05 06 04 00 02 1E 00 00 
0244 E9A1 00 1E 0A 07 01 50 10 07 05 06 04 00 02 1E 00 00 
0248 E29E 00 1E 0A 07 01 50 10 07 05 06 04 00 02 1E 00 00 
024A 1250 00 1E 0A 07 01 50 10 07 05 06 04 00 02 1E 00 00 
0250 F607 00 1E 0A 07 01 50 10 07 05 06 04 00 02 1E 00 00 
0252 3600 00 1E 0A 07 01 50 10 00 05 06 04 00 02 1E 00 00 
0256 D014 00 1E 0A 07 01 50 10 00 05 06 04 00 02 1E 00 00 
0258 7101 00 1E 0A 07 01 50 10 00 05 06 04 00 02 1E 00 00 
025A 122A 00 1E 0B 07 01 50 10 00 05 06 04 00 02 1E 00 00 
022A F515 00 1E 0B 07 01 50 10 00 05 06 04 00 02 1E 00 00 
022C D014 00 1E 0B 07 01 50 10 00 05 06 04 00 02 1E 00 00 
022E 3F01 00 1E 0B 07 01 50 10 00 05 06 04 00 02 1E 00 00 
0230 123C 00 1E 0B 07 01 50 10 00 05 06 04 00 02 1E 00 00 
023C E7A1 00 1E 0B 07 01 50 10 00 05 06 04 00 02 1E 00 00 
0240 E8A1 00 1E 0B 07 01 50 10 00 05 06 04 00 02 1E 00 00 
